\begin{multicols}{2}
\begin{center}
Molecule A \\ 
2,2-dimethyl-butane\_out\_G09
\\
Inertia Tensor - Molecule A \\
\vtab
\begin{tabular}{|c c c|}
139.709	 & 	36.9725	 & 	-0	 \\
36.9725	 & 	183.699	 & 	-0	 \\
-0	 & 	-0	 & 	205.419
\end{tabular}

\vtab
 EingenVectors - Molecule A     \\
\vtab
\begin{tabular}{|c c c|}
-0.869274	 & 	0.494331	 & 	0	 \\
0.494331	 & 	0.869274	 & 	0	 \\
0	 & 	0	 & 	1
\end{tabular}

\vtab
 EingenValues - Molecule A     \\
\vtab
\begin{tabular}{|c c c|}
118.683	 & 	204.724	 & 	205.419
\end{tabular}
\columnbreak

Molecule B \\ 
2,3-dimethyl-butane\_out\_G09
\\
Inertia Tensor - Molecule B \\
\vtab
\begin{tabular}{|c c c|}
270.146	 & 	-16.9873	 & 	-0	 \\
-16.9873	 & 	122.541	 & 	-0	 \\
-0	 & 	-0	 & 	177.08
\end{tabular}

\vtab
 EingenVectors - Molecule B     \\
\vtab
\begin{tabular}{|c c c|}
-0.112876	 & 	-0.993609	 & 	0	 \\
0	 & 	0	 & 	1	 \\
0.993609	 & 	-0.112876	 & 	-0
\end{tabular}

\vtab
 EingenValues - Molecule B     \\
\vtab
\begin{tabular}{|c c c|}
120.611	 & 	177.08	 & 	272.075
\end{tabular}

\end{center}
\end{multicols}
\begin{center}
\vtab
\vtab
\textcolor{NavyBlue}{\Large Are Isomers}
\end{center}
%%%%%%%%%%%%%%%%%%%%%%%%%%%%%%%%%%%%%%%%%%%%%%%%%%%%%%%%
%%%%%%%%%%%%%%%%%%%%%%%%%%%%%%%%%%%%%%%%%%%%%%%%%%%%%%%%
\newpage
%%%%%%%%%%%%%%%%%%%%%%%%%%%%%%%%%%%%%%%%%%%%%%%%%%%%%%%%
%%%%%%%%%%%%%%%%%%%%%%%%%%%%%%%%%%%%%%%%%%%%%%%%%%%%%%%%
\begin{multicols}{2}
\begin{center}
Molecule A \\ 
2,2-dimethyl-butane\_out\_G09
\\
Inertia Tensor - Molecule A \\
\vtab
\begin{tabular}{|c c c|}
139.709	 & 	36.9725	 & 	-0	 \\
36.9725	 & 	183.699	 & 	-0	 \\
-0	 & 	-0	 & 	205.419
\end{tabular}

\vtab
 EingenVectors - Molecule A     \\
\vtab
\begin{tabular}{|c c c|}
-0.869274	 & 	0.494331	 & 	0	 \\
0.494331	 & 	0.869274	 & 	0	 \\
0	 & 	0	 & 	1
\end{tabular}

\vtab
 EingenValues - Molecule A     \\
\vtab
\begin{tabular}{|c c c|}
118.683	 & 	204.724	 & 	205.419
\end{tabular}
\columnbreak

Molecule B \\ 
2-methyl-pentane\_out\_G09
\\
Inertia Tensor - Molecule B \\
\vtab
\begin{tabular}{|c c c|}
76.7701	 & 	-0.234564	 & 	-0.159008	 \\
-0.234564	 & 	299.061	 & 	-0.102167	 \\
-0.159008	 & 	-0.102167	 & 	347.557
\end{tabular}

\vtab
 EingenVectors - Molecule B     \\
\vtab
\begin{tabular}{|c c c|}
-0.999999	 & 	-0.00105548	 & 	-0.000587604	 \\
-0.00105671	 & 	0.999997	 & 	0.00210321	 \\
-0.000585382	 & 	-0.00210383	 & 	0.999998
\end{tabular}

\vtab
 EingenValues - Molecule B     \\
\vtab
\begin{tabular}{|c c c|}
76.7698	 & 	299.061	 & 	347.558
\end{tabular}

\end{center}
\end{multicols}
\begin{center}
\vtab
\vtab
\textcolor{NavyBlue}{\Large Are Isomers}
\end{center}
%%%%%%%%%%%%%%%%%%%%%%%%%%%%%%%%%%%%%%%%%%%%%%%%%%%%%%%%
%%%%%%%%%%%%%%%%%%%%%%%%%%%%%%%%%%%%%%%%%%%%%%%%%%%%%%%%
\newpage
%%%%%%%%%%%%%%%%%%%%%%%%%%%%%%%%%%%%%%%%%%%%%%%%%%%%%%%%
%%%%%%%%%%%%%%%%%%%%%%%%%%%%%%%%%%%%%%%%%%%%%%%%%%%%%%%%
\begin{multicols}{2}
\begin{center}
Molecule A \\ 
2,2-dimethyl-butane\_out\_G09
\\
Inertia Tensor - Molecule A \\
\vtab
\begin{tabular}{|c c c|}
139.709	 & 	36.9725	 & 	-0	 \\
36.9725	 & 	183.699	 & 	-0	 \\
-0	 & 	-0	 & 	205.419
\end{tabular}

\vtab
 EingenVectors - Molecule A     \\
\vtab
\begin{tabular}{|c c c|}
-0.869274	 & 	0.494331	 & 	0	 \\
0.494331	 & 	0.869274	 & 	0	 \\
0	 & 	0	 & 	1
\end{tabular}

\vtab
 EingenValues - Molecule A     \\
\vtab
\begin{tabular}{|c c c|}
118.683	 & 	204.724	 & 	205.419
\end{tabular}
\columnbreak

Molecule B \\ 
3-methyl-pentane\_out\_G09
\\
Inertia Tensor - Molecule B \\
\vtab
\begin{tabular}{|c c c|}
294.318	 & 	21.9352	 & 	-0	 \\
21.9352	 & 	302.288	 & 	-0	 \\
-0	 & 	-0	 & 	77.8079
\end{tabular}

\vtab
 EingenVectors - Molecule B     \\
\vtab
\begin{tabular}{|c c c|}
0	 & 	0	 & 	1	 \\
-0.767709	 & 	0.640799	 & 	0	 \\
0.640799	 & 	0.767709	 & 	0
\end{tabular}

\vtab
 EingenValues - Molecule B     \\
\vtab
\begin{tabular}{|c c c|}
77.8079	 & 	276.009	 & 	320.597
\end{tabular}

\end{center}
\end{multicols}
\begin{center}
\vtab
\vtab
\textcolor{NavyBlue}{\Large Are Isomers}
\end{center}
%%%%%%%%%%%%%%%%%%%%%%%%%%%%%%%%%%%%%%%%%%%%%%%%%%%%%%%%
%%%%%%%%%%%%%%%%%%%%%%%%%%%%%%%%%%%%%%%%%%%%%%%%%%%%%%%%
\newpage
%%%%%%%%%%%%%%%%%%%%%%%%%%%%%%%%%%%%%%%%%%%%%%%%%%%%%%%%
%%%%%%%%%%%%%%%%%%%%%%%%%%%%%%%%%%%%%%%%%%%%%%%%%%%%%%%%
\begin{multicols}{2}
\begin{center}
Molecule A \\ 
2,2-dimethyl-butane\_out\_G09
\\
Inertia Tensor - Molecule A \\
\vtab
\begin{tabular}{|c c c|}
139.709	 & 	36.9725	 & 	-0	 \\
36.9725	 & 	183.699	 & 	-0	 \\
-0	 & 	-0	 & 	205.419
\end{tabular}

\vtab
 EingenVectors - Molecule A     \\
\vtab
\begin{tabular}{|c c c|}
-0.869274	 & 	0.494331	 & 	0	 \\
0.494331	 & 	0.869274	 & 	0	 \\
0	 & 	0	 & 	1
\end{tabular}

\vtab
 EingenValues - Molecule A     \\
\vtab
\begin{tabular}{|c c c|}
118.683	 & 	204.724	 & 	205.419
\end{tabular}
\columnbreak

Molecule B \\ 
hexane\_out\_G09
\\
Inertia Tensor - Molecule B \\
\vtab
\begin{tabular}{|c c c|}
346.244	 & 	-179.129	 & 	-0	 \\
-179.129	 & 	137.676	 & 	-0	 \\
-0	 & 	-0	 & 	465.177
\end{tabular}

\vtab
 EingenVectors - Molecule B     \\
\vtab
\begin{tabular}{|c c c|}
-0.498436	 & 	-0.866927	 & 	0	 \\
0.866927	 & 	-0.498436	 & 	-0	 \\
0	 & 	0	 & 	1
\end{tabular}

\vtab
 EingenValues - Molecule B     \\
\vtab
\begin{tabular}{|c c c|}
34.6869	 & 	449.234	 & 	465.177
\end{tabular}

\end{center}
\end{multicols}
\begin{center}
\vtab
\vtab
\textcolor{NavyBlue}{\Large Are Isomers}
\end{center}
%%%%%%%%%%%%%%%%%%%%%%%%%%%%%%%%%%%%%%%%%%%%%%%%%%%%%%%%
%%%%%%%%%%%%%%%%%%%%%%%%%%%%%%%%%%%%%%%%%%%%%%%%%%%%%%%%
\newpage
%%%%%%%%%%%%%%%%%%%%%%%%%%%%%%%%%%%%%%%%%%%%%%%%%%%%%%%%
%%%%%%%%%%%%%%%%%%%%%%%%%%%%%%%%%%%%%%%%%%%%%%%%%%%%%%%%
\begin{multicols}{2}
\begin{center}
Molecule A \\ 
2,3-dimethyl-butane\_out\_G09
\\
Inertia Tensor - Molecule A \\
\vtab
\begin{tabular}{|c c c|}
270.146	 & 	-16.9873	 & 	-0	 \\
-16.9873	 & 	122.541	 & 	-0	 \\
-0	 & 	-0	 & 	177.08
\end{tabular}

\vtab
 EingenVectors - Molecule A     \\
\vtab
\begin{tabular}{|c c c|}
-0.112876	 & 	-0.993609	 & 	0	 \\
0	 & 	0	 & 	1	 \\
0.993609	 & 	-0.112876	 & 	-0
\end{tabular}

\vtab
 EingenValues - Molecule A     \\
\vtab
\begin{tabular}{|c c c|}
120.611	 & 	177.08	 & 	272.075
\end{tabular}
\columnbreak

Molecule B \\ 
2-methyl-pentane\_out\_G09
\\
Inertia Tensor - Molecule B \\
\vtab
\begin{tabular}{|c c c|}
76.7701	 & 	-0.234564	 & 	-0.159008	 \\
-0.234564	 & 	299.061	 & 	-0.102167	 \\
-0.159008	 & 	-0.102167	 & 	347.557
\end{tabular}

\vtab
 EingenVectors - Molecule B     \\
\vtab
\begin{tabular}{|c c c|}
-0.999999	 & 	-0.00105548	 & 	-0.000587604	 \\
-0.00105671	 & 	0.999997	 & 	0.00210321	 \\
-0.000585382	 & 	-0.00210383	 & 	0.999998
\end{tabular}

\vtab
 EingenValues - Molecule B     \\
\vtab
\begin{tabular}{|c c c|}
76.7698	 & 	299.061	 & 	347.558
\end{tabular}

\end{center}
\end{multicols}
\begin{center}
\vtab
\vtab
\textcolor{NavyBlue}{\Large Are Isomers}
\end{center}
%%%%%%%%%%%%%%%%%%%%%%%%%%%%%%%%%%%%%%%%%%%%%%%%%%%%%%%%
%%%%%%%%%%%%%%%%%%%%%%%%%%%%%%%%%%%%%%%%%%%%%%%%%%%%%%%%
\newpage
%%%%%%%%%%%%%%%%%%%%%%%%%%%%%%%%%%%%%%%%%%%%%%%%%%%%%%%%
%%%%%%%%%%%%%%%%%%%%%%%%%%%%%%%%%%%%%%%%%%%%%%%%%%%%%%%%
\begin{multicols}{2}
\begin{center}
Molecule A \\ 
2,3-dimethyl-butane\_out\_G09
\\
Inertia Tensor - Molecule A \\
\vtab
\begin{tabular}{|c c c|}
270.146	 & 	-16.9873	 & 	-0	 \\
-16.9873	 & 	122.541	 & 	-0	 \\
-0	 & 	-0	 & 	177.08
\end{tabular}

\vtab
 EingenVectors - Molecule A     \\
\vtab
\begin{tabular}{|c c c|}
-0.112876	 & 	-0.993609	 & 	0	 \\
0	 & 	0	 & 	1	 \\
0.993609	 & 	-0.112876	 & 	-0
\end{tabular}

\vtab
 EingenValues - Molecule A     \\
\vtab
\begin{tabular}{|c c c|}
120.611	 & 	177.08	 & 	272.075
\end{tabular}
\columnbreak

Molecule B \\ 
3-methyl-pentane\_out\_G09
\\
Inertia Tensor - Molecule B \\
\vtab
\begin{tabular}{|c c c|}
294.318	 & 	21.9352	 & 	-0	 \\
21.9352	 & 	302.288	 & 	-0	 \\
-0	 & 	-0	 & 	77.8079
\end{tabular}

\vtab
 EingenVectors - Molecule B     \\
\vtab
\begin{tabular}{|c c c|}
0	 & 	0	 & 	1	 \\
-0.767709	 & 	0.640799	 & 	0	 \\
0.640799	 & 	0.767709	 & 	0
\end{tabular}

\vtab
 EingenValues - Molecule B     \\
\vtab
\begin{tabular}{|c c c|}
77.8079	 & 	276.009	 & 	320.597
\end{tabular}

\end{center}
\end{multicols}
\begin{center}
\vtab
\vtab
\textcolor{NavyBlue}{\Large Are Isomers}
\end{center}
%%%%%%%%%%%%%%%%%%%%%%%%%%%%%%%%%%%%%%%%%%%%%%%%%%%%%%%%
%%%%%%%%%%%%%%%%%%%%%%%%%%%%%%%%%%%%%%%%%%%%%%%%%%%%%%%%
\newpage
%%%%%%%%%%%%%%%%%%%%%%%%%%%%%%%%%%%%%%%%%%%%%%%%%%%%%%%%
%%%%%%%%%%%%%%%%%%%%%%%%%%%%%%%%%%%%%%%%%%%%%%%%%%%%%%%%
\begin{multicols}{2}
\begin{center}
Molecule A \\ 
2,3-dimethyl-butane\_out\_G09
\\
Inertia Tensor - Molecule A \\
\vtab
\begin{tabular}{|c c c|}
270.146	 & 	-16.9873	 & 	-0	 \\
-16.9873	 & 	122.541	 & 	-0	 \\
-0	 & 	-0	 & 	177.08
\end{tabular}

\vtab
 EingenVectors - Molecule A     \\
\vtab
\begin{tabular}{|c c c|}
-0.112876	 & 	-0.993609	 & 	0	 \\
0	 & 	0	 & 	1	 \\
0.993609	 & 	-0.112876	 & 	-0
\end{tabular}

\vtab
 EingenValues - Molecule A     \\
\vtab
\begin{tabular}{|c c c|}
120.611	 & 	177.08	 & 	272.075
\end{tabular}
\columnbreak

Molecule B \\ 
hexane\_out\_G09
\\
Inertia Tensor - Molecule B \\
\vtab
\begin{tabular}{|c c c|}
346.244	 & 	-179.129	 & 	-0	 \\
-179.129	 & 	137.676	 & 	-0	 \\
-0	 & 	-0	 & 	465.177
\end{tabular}

\vtab
 EingenVectors - Molecule B     \\
\vtab
\begin{tabular}{|c c c|}
-0.498436	 & 	-0.866927	 & 	0	 \\
0.866927	 & 	-0.498436	 & 	-0	 \\
0	 & 	0	 & 	1
\end{tabular}

\vtab
 EingenValues - Molecule B     \\
\vtab
\begin{tabular}{|c c c|}
34.6869	 & 	449.234	 & 	465.177
\end{tabular}

\end{center}
\end{multicols}
\begin{center}
\vtab
\vtab
\textcolor{NavyBlue}{\Large Are Isomers}
\end{center}
%%%%%%%%%%%%%%%%%%%%%%%%%%%%%%%%%%%%%%%%%%%%%%%%%%%%%%%%
%%%%%%%%%%%%%%%%%%%%%%%%%%%%%%%%%%%%%%%%%%%%%%%%%%%%%%%%
\newpage
%%%%%%%%%%%%%%%%%%%%%%%%%%%%%%%%%%%%%%%%%%%%%%%%%%%%%%%%
%%%%%%%%%%%%%%%%%%%%%%%%%%%%%%%%%%%%%%%%%%%%%%%%%%%%%%%%
\begin{multicols}{2}
\begin{center}
Molecule A \\ 
2-methyl-pentane\_out\_G09
\\
Inertia Tensor - Molecule A \\
\vtab
\begin{tabular}{|c c c|}
76.7701	 & 	-0.234564	 & 	-0.159008	 \\
-0.234564	 & 	299.061	 & 	-0.102167	 \\
-0.159008	 & 	-0.102167	 & 	347.557
\end{tabular}

\vtab
 EingenVectors - Molecule A     \\
\vtab
\begin{tabular}{|c c c|}
-0.999999	 & 	-0.00105548	 & 	-0.000587604	 \\
-0.00105671	 & 	0.999997	 & 	0.00210321	 \\
-0.000585382	 & 	-0.00210383	 & 	0.999998
\end{tabular}

\vtab
 EingenValues - Molecule A     \\
\vtab
\begin{tabular}{|c c c|}
76.7698	 & 	299.061	 & 	347.558
\end{tabular}
\columnbreak

Molecule B \\ 
3-methyl-pentane\_out\_G09
\\
Inertia Tensor - Molecule B \\
\vtab
\begin{tabular}{|c c c|}
294.318	 & 	21.9352	 & 	-0	 \\
21.9352	 & 	302.288	 & 	-0	 \\
-0	 & 	-0	 & 	77.8079
\end{tabular}

\vtab
 EingenVectors - Molecule B     \\
\vtab
\begin{tabular}{|c c c|}
0	 & 	0	 & 	1	 \\
-0.767709	 & 	0.640799	 & 	0	 \\
0.640799	 & 	0.767709	 & 	0
\end{tabular}

\vtab
 EingenValues - Molecule B     \\
\vtab
\begin{tabular}{|c c c|}
77.8079	 & 	276.009	 & 	320.597
\end{tabular}

\end{center}
\end{multicols}
\begin{center}
\vtab
\vtab
\textcolor{NavyBlue}{\Large Are Isomers}
\end{center}
%%%%%%%%%%%%%%%%%%%%%%%%%%%%%%%%%%%%%%%%%%%%%%%%%%%%%%%%
%%%%%%%%%%%%%%%%%%%%%%%%%%%%%%%%%%%%%%%%%%%%%%%%%%%%%%%%
\newpage
%%%%%%%%%%%%%%%%%%%%%%%%%%%%%%%%%%%%%%%%%%%%%%%%%%%%%%%%
%%%%%%%%%%%%%%%%%%%%%%%%%%%%%%%%%%%%%%%%%%%%%%%%%%%%%%%%
\begin{multicols}{2}
\begin{center}
Molecule A \\ 
2-methyl-pentane\_out\_G09
\\
Inertia Tensor - Molecule A \\
\vtab
\begin{tabular}{|c c c|}
76.7701	 & 	-0.234564	 & 	-0.159008	 \\
-0.234564	 & 	299.061	 & 	-0.102167	 \\
-0.159008	 & 	-0.102167	 & 	347.557
\end{tabular}

\vtab
 EingenVectors - Molecule A     \\
\vtab
\begin{tabular}{|c c c|}
-0.999999	 & 	-0.00105548	 & 	-0.000587604	 \\
-0.00105671	 & 	0.999997	 & 	0.00210321	 \\
-0.000585382	 & 	-0.00210383	 & 	0.999998
\end{tabular}

\vtab
 EingenValues - Molecule A     \\
\vtab
\begin{tabular}{|c c c|}
76.7698	 & 	299.061	 & 	347.558
\end{tabular}
\columnbreak

Molecule B \\ 
hexane\_out\_G09
\\
Inertia Tensor - Molecule B \\
\vtab
\begin{tabular}{|c c c|}
346.244	 & 	-179.129	 & 	-0	 \\
-179.129	 & 	137.676	 & 	-0	 \\
-0	 & 	-0	 & 	465.177
\end{tabular}

\vtab
 EingenVectors - Molecule B     \\
\vtab
\begin{tabular}{|c c c|}
-0.498436	 & 	-0.866927	 & 	0	 \\
0.866927	 & 	-0.498436	 & 	-0	 \\
0	 & 	0	 & 	1
\end{tabular}

\vtab
 EingenValues - Molecule B     \\
\vtab
\begin{tabular}{|c c c|}
34.6869	 & 	449.234	 & 	465.177
\end{tabular}

\end{center}
\end{multicols}
\begin{center}
\vtab
\vtab
\textcolor{NavyBlue}{\Large Are Isomers}
\end{center}
%%%%%%%%%%%%%%%%%%%%%%%%%%%%%%%%%%%%%%%%%%%%%%%%%%%%%%%%
%%%%%%%%%%%%%%%%%%%%%%%%%%%%%%%%%%%%%%%%%%%%%%%%%%%%%%%%
\newpage
%%%%%%%%%%%%%%%%%%%%%%%%%%%%%%%%%%%%%%%%%%%%%%%%%%%%%%%%
%%%%%%%%%%%%%%%%%%%%%%%%%%%%%%%%%%%%%%%%%%%%%%%%%%%%%%%%
\begin{multicols}{2}
\begin{center}
Molecule A \\ 
3-methyl-pentane\_out\_G09
\\
Inertia Tensor - Molecule A \\
\vtab
\begin{tabular}{|c c c|}
294.318	 & 	21.9352	 & 	-0	 \\
21.9352	 & 	302.288	 & 	-0	 \\
-0	 & 	-0	 & 	77.8079
\end{tabular}

\vtab
 EingenVectors - Molecule A     \\
\vtab
\begin{tabular}{|c c c|}
0	 & 	0	 & 	1	 \\
-0.767709	 & 	0.640799	 & 	0	 \\
0.640799	 & 	0.767709	 & 	0
\end{tabular}

\vtab
 EingenValues - Molecule A     \\
\vtab
\begin{tabular}{|c c c|}
77.8079	 & 	276.009	 & 	320.597
\end{tabular}
\columnbreak

Molecule B \\ 
hexane\_out\_G09
\\
Inertia Tensor - Molecule B \\
\vtab
\begin{tabular}{|c c c|}
346.244	 & 	-179.129	 & 	-0	 \\
-179.129	 & 	137.676	 & 	-0	 \\
-0	 & 	-0	 & 	465.177
\end{tabular}

\vtab
 EingenVectors - Molecule B     \\
\vtab
\begin{tabular}{|c c c|}
-0.498436	 & 	-0.866927	 & 	0	 \\
0.866927	 & 	-0.498436	 & 	-0	 \\
0	 & 	0	 & 	1
\end{tabular}

\vtab
 EingenValues - Molecule B     \\
\vtab
\begin{tabular}{|c c c|}
34.6869	 & 	449.234	 & 	465.177
\end{tabular}

\end{center}
\end{multicols}
\begin{center}
\vtab
\vtab
\textcolor{NavyBlue}{\Large Are Isomers}
\end{center}
%%%%%%%%%%%%%%%%%%%%%%%%%%%%%%%%%%%%%%%%%%%%%%%%%%%%%%%%
%%%%%%%%%%%%%%%%%%%%%%%%%%%%%%%%%%%%%%%%%%%%%%%%%%%%%%%%
\newpage
%%%%%%%%%%%%%%%%%%%%%%%%%%%%%%%%%%%%%%%%%%%%%%%%%%%%%%%%
%%%%%%%%%%%%%%%%%%%%%%%%%%%%%%%%%%%%%%%%%%%%%%%%%%%%%%%%
\begin{multicols}{2}
\begin{center}
Molecule A \\ 
Base-Fructuose\_out\_G09
\\
Inertia Tensor - Molecule A \\
\vtab
\begin{tabular}{|c c c|}
228.962	 & 	-17.4299	 & 	2.01118	 \\
-17.4299	 & 	1222.64	 & 	-0.103419	 \\
2.01118	 & 	-0.103419	 & 	1316.38
\end{tabular}

\vtab
 EingenVectors - Molecule A     \\
\vtab
\begin{tabular}{|c c c|}
0.999845	 & 	0.0175325	 & 	-0.00184703	 \\
0.0175298	 & 	-0.999845	 & 	-0.00148399	 \\
0.00187276	 & 	-0.00145138	 & 	0.999997
\end{tabular}

\vtab
 EingenValues - Molecule A     \\
\vtab
\begin{tabular}{|c c c|}
228.653	 & 	1222.94	 & 	1316.38
\end{tabular}
\columnbreak

Molecule B \\ 
D\_-\_Fructuose\_out\_G09
\\
Inertia Tensor - Molecule B \\
\vtab
\begin{tabular}{|c c c|}
263.78	 & 	3.63756	 & 	5.48351	 \\
3.63756	 & 	1174.62	 & 	1.15892	 \\
5.48351	 & 	1.15892	 & 	1226.18
\end{tabular}

\vtab
 EingenVectors - Molecule B     \\
\vtab
\begin{tabular}{|c c c|}
0.999976	 & 	-0.00398608	 & 	-0.00569256	 \\
0.00385485	 & 	0.999731	 & 	-0.0228795	 \\
0.00578223	 & 	0.022857	 & 	0.999722
\end{tabular}

\vtab
 EingenValues - Molecule B     \\
\vtab
\begin{tabular}{|c c c|}
263.734	 & 	1174.61	 & 	1226.23
\end{tabular}

\end{center}
\end{multicols}
\begin{center}
\vtab
\vtab
\textcolor{NavyBlue}{\Large Are Isomers}
\end{center}
%%%%%%%%%%%%%%%%%%%%%%%%%%%%%%%%%%%%%%%%%%%%%%%%%%%%%%%%
%%%%%%%%%%%%%%%%%%%%%%%%%%%%%%%%%%%%%%%%%%%%%%%%%%%%%%%%
\newpage
%%%%%%%%%%%%%%%%%%%%%%%%%%%%%%%%%%%%%%%%%%%%%%%%%%%%%%%%
%%%%%%%%%%%%%%%%%%%%%%%%%%%%%%%%%%%%%%%%%%%%%%%%%%%%%%%%
\begin{multicols}{2}
\begin{center}
Molecule A \\ 
Base-Fructuose\_out\_G09
\\
Inertia Tensor - Molecule A \\
\vtab
\begin{tabular}{|c c c|}
228.962	 & 	-17.4299	 & 	2.01118	 \\
-17.4299	 & 	1222.64	 & 	-0.103419	 \\
2.01118	 & 	-0.103419	 & 	1316.38
\end{tabular}

\vtab
 EingenVectors - Molecule A     \\
\vtab
\begin{tabular}{|c c c|}
0.999845	 & 	0.0175325	 & 	-0.00184703	 \\
0.0175298	 & 	-0.999845	 & 	-0.00148399	 \\
0.00187276	 & 	-0.00145138	 & 	0.999997
\end{tabular}

\vtab
 EingenValues - Molecule A     \\
\vtab
\begin{tabular}{|c c c|}
228.653	 & 	1222.94	 & 	1316.38
\end{tabular}
\columnbreak

Molecule B \\ 
R-R-R-Fructuose\_out\_G09
\\
Inertia Tensor - Molecule B \\
\vtab
\begin{tabular}{|c c c|}
270.815	 & 	9.92006	 & 	1.58147	 \\
9.92006	 & 	1105.83	 & 	-0.519818	 \\
1.58147	 & 	-0.519818	 & 	1246.52
\end{tabular}

\vtab
 EingenVectors - Molecule B     \\
\vtab
\begin{tabular}{|c c c|}
0.999928	 & 	-0.0118786	 & 	-0.00162686	 \\
-0.0118843	 & 	-0.999923	 & 	-0.00356382	 \\
0.0015844	 & 	-0.0035829	 & 	0.999992
\end{tabular}

\vtab
 EingenValues - Molecule B     \\
\vtab
\begin{tabular}{|c c c|}
270.695	 & 	1105.94	 & 	1246.52
\end{tabular}

\end{center}
\end{multicols}
\begin{center}
\vtab
\vtab
\textcolor{NavyBlue}{\Large Are Isomers}
\end{center}
%%%%%%%%%%%%%%%%%%%%%%%%%%%%%%%%%%%%%%%%%%%%%%%%%%%%%%%%
%%%%%%%%%%%%%%%%%%%%%%%%%%%%%%%%%%%%%%%%%%%%%%%%%%%%%%%%
\newpage
%%%%%%%%%%%%%%%%%%%%%%%%%%%%%%%%%%%%%%%%%%%%%%%%%%%%%%%%
%%%%%%%%%%%%%%%%%%%%%%%%%%%%%%%%%%%%%%%%%%%%%%%%%%%%%%%%
\begin{multicols}{2}
\begin{center}
Molecule A \\ 
Base-Fructuose\_out\_G09
\\
Inertia Tensor - Molecule A \\
\vtab
\begin{tabular}{|c c c|}
228.962	 & 	-17.4299	 & 	2.01118	 \\
-17.4299	 & 	1222.64	 & 	-0.103419	 \\
2.01118	 & 	-0.103419	 & 	1316.38
\end{tabular}

\vtab
 EingenVectors - Molecule A     \\
\vtab
\begin{tabular}{|c c c|}
0.999845	 & 	0.0175325	 & 	-0.00184703	 \\
0.0175298	 & 	-0.999845	 & 	-0.00148399	 \\
0.00187276	 & 	-0.00145138	 & 	0.999997
\end{tabular}

\vtab
 EingenValues - Molecule A     \\
\vtab
\begin{tabular}{|c c c|}
228.653	 & 	1222.94	 & 	1316.38
\end{tabular}
\columnbreak

Molecule B \\ 
R-R-S-Fructuose\_out\_G09
\\
Inertia Tensor - Molecule B \\
\vtab
\begin{tabular}{|c c c|}
258.077	 & 	6.73578	 & 	-10.2403	 \\
6.73578	 & 	1157.51	 & 	-1.31161	 \\
-10.2403	 & 	-1.31161	 & 	1279.98
\end{tabular}

\vtab
 EingenVectors - Molecule B     \\
\vtab
\begin{tabular}{|c c c|}
-0.999922	 & 	0.00747247	 & 	-0.0100089	 \\
0.00735899	 & 	0.999909	 & 	0.0113273	 \\
-0.0100927	 & 	-0.0112527	 & 	0.999886
\end{tabular}

\vtab
 EingenValues - Molecule B     \\
\vtab
\begin{tabular}{|c c c|}
257.924	 & 	1157.54	 & 	1280.1
\end{tabular}

\end{center}
\end{multicols}
\begin{center}
\vtab
\vtab
\textcolor{NavyBlue}{\Large Are Isomers}
\end{center}
%%%%%%%%%%%%%%%%%%%%%%%%%%%%%%%%%%%%%%%%%%%%%%%%%%%%%%%%
%%%%%%%%%%%%%%%%%%%%%%%%%%%%%%%%%%%%%%%%%%%%%%%%%%%%%%%%
\newpage
%%%%%%%%%%%%%%%%%%%%%%%%%%%%%%%%%%%%%%%%%%%%%%%%%%%%%%%%
%%%%%%%%%%%%%%%%%%%%%%%%%%%%%%%%%%%%%%%%%%%%%%%%%%%%%%%%
\begin{multicols}{2}
\begin{center}
Molecule A \\ 
Base-Fructuose\_out\_G09
\\
Inertia Tensor - Molecule A \\
\vtab
\begin{tabular}{|c c c|}
228.962	 & 	-17.4299	 & 	2.01118	 \\
-17.4299	 & 	1222.64	 & 	-0.103419	 \\
2.01118	 & 	-0.103419	 & 	1316.38
\end{tabular}

\vtab
 EingenVectors - Molecule A     \\
\vtab
\begin{tabular}{|c c c|}
0.999845	 & 	0.0175325	 & 	-0.00184703	 \\
0.0175298	 & 	-0.999845	 & 	-0.00148399	 \\
0.00187276	 & 	-0.00145138	 & 	0.999997
\end{tabular}

\vtab
 EingenValues - Molecule A     \\
\vtab
\begin{tabular}{|c c c|}
228.653	 & 	1222.94	 & 	1316.38
\end{tabular}
\columnbreak

Molecule B \\ 
R-S-R-Fructuose\_out\_G09
\\
Inertia Tensor - Molecule B \\
\vtab
\begin{tabular}{|c c c|}
202.772	 & 	14.8494	 & 	0.184396	 \\
14.8494	 & 	1218.4	 & 	-0.831783	 \\
0.184396	 & 	-0.831783	 & 	1335.51
\end{tabular}

\vtab
 EingenVectors - Molecule B     \\
\vtab
\begin{tabular}{|c c c|}
-0.999893	 & 	0.0146163	 & 	0.00017347	 \\
-0.0146172	 & 	-0.999868	 & 	-0.00709174	 \\
6.97925e-05	 & 	-0.00709352	 & 	0.999975
\end{tabular}

\vtab
 EingenValues - Molecule B     \\
\vtab
\begin{tabular}{|c c c|}
202.555	 & 	1218.61	 & 	1335.51
\end{tabular}

\end{center}
\end{multicols}
\begin{center}
\vtab
\vtab
\textcolor{NavyBlue}{\Large Are Isomers}
\end{center}
%%%%%%%%%%%%%%%%%%%%%%%%%%%%%%%%%%%%%%%%%%%%%%%%%%%%%%%%
%%%%%%%%%%%%%%%%%%%%%%%%%%%%%%%%%%%%%%%%%%%%%%%%%%%%%%%%
\newpage
%%%%%%%%%%%%%%%%%%%%%%%%%%%%%%%%%%%%%%%%%%%%%%%%%%%%%%%%
%%%%%%%%%%%%%%%%%%%%%%%%%%%%%%%%%%%%%%%%%%%%%%%%%%%%%%%%
\begin{multicols}{2}
\begin{center}
Molecule A \\ 
Base-Fructuose\_out\_G09
\\
Inertia Tensor - Molecule A \\
\vtab
\begin{tabular}{|c c c|}
228.962	 & 	-17.4299	 & 	2.01118	 \\
-17.4299	 & 	1222.64	 & 	-0.103419	 \\
2.01118	 & 	-0.103419	 & 	1316.38
\end{tabular}

\vtab
 EingenVectors - Molecule A     \\
\vtab
\begin{tabular}{|c c c|}
0.999845	 & 	0.0175325	 & 	-0.00184703	 \\
0.0175298	 & 	-0.999845	 & 	-0.00148399	 \\
0.00187276	 & 	-0.00145138	 & 	0.999997
\end{tabular}

\vtab
 EingenValues - Molecule A     \\
\vtab
\begin{tabular}{|c c c|}
228.653	 & 	1222.94	 & 	1316.38
\end{tabular}
\columnbreak

Molecule B \\ 
R-S-S-Fructuose\_out\_G09
\\
Inertia Tensor - Molecule B \\
\vtab
\begin{tabular}{|c c c|}
215.024	 & 	-14.0942	 & 	-5.97678	 \\
-14.0942	 & 	1187.1	 & 	0.653719	 \\
-5.97678	 & 	0.653719	 & 	1326.43
\end{tabular}

\vtab
 EingenVectors - Molecule B     \\
\vtab
\begin{tabular}{|c c c|}
0.999881	 & 	0.0144902	 & 	0.00536739	 \\
0.0144617	 & 	-0.999881	 & 	0.0053195	 \\
-0.00544384	 & 	0.00524124	 & 	0.999971
\end{tabular}

\vtab
 EingenValues - Molecule B     \\
\vtab
\begin{tabular}{|c c c|}
214.787	 & 	1187.3	 & 	1326.46
\end{tabular}

\end{center}
\end{multicols}
\begin{center}
\vtab
\vtab
\textcolor{NavyBlue}{\Large Are Isomers}
\end{center}
%%%%%%%%%%%%%%%%%%%%%%%%%%%%%%%%%%%%%%%%%%%%%%%%%%%%%%%%
%%%%%%%%%%%%%%%%%%%%%%%%%%%%%%%%%%%%%%%%%%%%%%%%%%%%%%%%
\newpage
%%%%%%%%%%%%%%%%%%%%%%%%%%%%%%%%%%%%%%%%%%%%%%%%%%%%%%%%
%%%%%%%%%%%%%%%%%%%%%%%%%%%%%%%%%%%%%%%%%%%%%%%%%%%%%%%%
\begin{multicols}{2}
\begin{center}
Molecule A \\ 
Base-Fructuose\_out\_G09
\\
Inertia Tensor - Molecule A \\
\vtab
\begin{tabular}{|c c c|}
228.962	 & 	-17.4299	 & 	2.01118	 \\
-17.4299	 & 	1222.64	 & 	-0.103419	 \\
2.01118	 & 	-0.103419	 & 	1316.38
\end{tabular}

\vtab
 EingenVectors - Molecule A     \\
\vtab
\begin{tabular}{|c c c|}
0.999845	 & 	0.0175325	 & 	-0.00184703	 \\
0.0175298	 & 	-0.999845	 & 	-0.00148399	 \\
0.00187276	 & 	-0.00145138	 & 	0.999997
\end{tabular}

\vtab
 EingenValues - Molecule A     \\
\vtab
\begin{tabular}{|c c c|}
228.653	 & 	1222.94	 & 	1316.38
\end{tabular}
\columnbreak

Molecule B \\ 
S-R-R-Fructuose\_out\_G09
\\
Inertia Tensor - Molecule B \\
\vtab
\begin{tabular}{|c c c|}
267.669	 & 	-2.83987	 & 	8.0125	 \\
-2.83987	 & 	1173.13	 & 	0.735007	 \\
8.0125	 & 	0.735007	 & 	1229.07
\end{tabular}

\vtab
 EingenVectors - Molecule B     \\
\vtab
\begin{tabular}{|c c c|}
0.99996	 & 	0.00314275	 & 	-0.00833561	 \\
-0.00324825	 & 	0.999914	 & 	-0.0126739	 \\
0.00829507	 & 	0.0127005	 & 	0.999885
\end{tabular}

\vtab
 EingenValues - Molecule B     \\
\vtab
\begin{tabular}{|c c c|}
267.593	 & 	1173.13	 & 	1229.15
\end{tabular}

\end{center}
\end{multicols}
\begin{center}
\vtab
\vtab
\textcolor{NavyBlue}{\Large Are Isomers}
\end{center}
%%%%%%%%%%%%%%%%%%%%%%%%%%%%%%%%%%%%%%%%%%%%%%%%%%%%%%%%
%%%%%%%%%%%%%%%%%%%%%%%%%%%%%%%%%%%%%%%%%%%%%%%%%%%%%%%%
\newpage
%%%%%%%%%%%%%%%%%%%%%%%%%%%%%%%%%%%%%%%%%%%%%%%%%%%%%%%%
%%%%%%%%%%%%%%%%%%%%%%%%%%%%%%%%%%%%%%%%%%%%%%%%%%%%%%%%
\begin{multicols}{2}
\begin{center}
Molecule A \\ 
Base-Fructuose\_out\_G09
\\
Inertia Tensor - Molecule A \\
\vtab
\begin{tabular}{|c c c|}
228.962	 & 	-17.4299	 & 	2.01118	 \\
-17.4299	 & 	1222.64	 & 	-0.103419	 \\
2.01118	 & 	-0.103419	 & 	1316.38
\end{tabular}

\vtab
 EingenVectors - Molecule A     \\
\vtab
\begin{tabular}{|c c c|}
0.999845	 & 	0.0175325	 & 	-0.00184703	 \\
0.0175298	 & 	-0.999845	 & 	-0.00148399	 \\
0.00187276	 & 	-0.00145138	 & 	0.999997
\end{tabular}

\vtab
 EingenValues - Molecule A     \\
\vtab
\begin{tabular}{|c c c|}
228.653	 & 	1222.94	 & 	1316.38
\end{tabular}
\columnbreak

Molecule B \\ 
S-R-S-Fructuose\_out\_G09
\\
Inertia Tensor - Molecule B \\
\vtab
\begin{tabular}{|c c c|}
202.782	 & 	-14.8472	 & 	-0.161586	 \\
-14.8472	 & 	1218.41	 & 	-0.836204	 \\
-0.161586	 & 	-0.836204	 & 	1335.52
\end{tabular}

\vtab
 EingenVectors - Molecule B     \\
\vtab
\begin{tabular}{|c c c|}
-0.999893	 & 	-0.0146142	 & 	-0.000153395	 \\
0.0146149	 & 	-0.999868	 & 	-0.00713203	 \\
-4.91458e-05	 & 	-0.00713351	 & 	0.999975
\end{tabular}

\vtab
 EingenValues - Molecule B     \\
\vtab
\begin{tabular}{|c c c|}
202.565	 & 	1218.62	 & 	1335.52
\end{tabular}

\end{center}
\end{multicols}
\begin{center}
\vtab
\vtab
\textcolor{NavyBlue}{\Large Are Isomers}
\end{center}
%%%%%%%%%%%%%%%%%%%%%%%%%%%%%%%%%%%%%%%%%%%%%%%%%%%%%%%%
%%%%%%%%%%%%%%%%%%%%%%%%%%%%%%%%%%%%%%%%%%%%%%%%%%%%%%%%
\newpage
%%%%%%%%%%%%%%%%%%%%%%%%%%%%%%%%%%%%%%%%%%%%%%%%%%%%%%%%
%%%%%%%%%%%%%%%%%%%%%%%%%%%%%%%%%%%%%%%%%%%%%%%%%%%%%%%%
\begin{multicols}{2}
\begin{center}
Molecule A \\ 
Base-Fructuose\_out\_G09
\\
Inertia Tensor - Molecule A \\
\vtab
\begin{tabular}{|c c c|}
228.962	 & 	-17.4299	 & 	2.01118	 \\
-17.4299	 & 	1222.64	 & 	-0.103419	 \\
2.01118	 & 	-0.103419	 & 	1316.38
\end{tabular}

\vtab
 EingenVectors - Molecule A     \\
\vtab
\begin{tabular}{|c c c|}
0.999845	 & 	0.0175325	 & 	-0.00184703	 \\
0.0175298	 & 	-0.999845	 & 	-0.00148399	 \\
0.00187276	 & 	-0.00145138	 & 	0.999997
\end{tabular}

\vtab
 EingenValues - Molecule A     \\
\vtab
\begin{tabular}{|c c c|}
228.653	 & 	1222.94	 & 	1316.38
\end{tabular}
\columnbreak

Molecule B \\ 
S-S-R-Fructuose\_out\_G09
\\
Inertia Tensor - Molecule B \\
\vtab
\begin{tabular}{|c c c|}
258.093	 & 	-6.7331	 & 	10.2577	 \\
-6.7331	 & 	1157.52	 & 	-1.31924	 \\
10.2577	 & 	-1.31924	 & 	1279.94
\end{tabular}

\vtab
 EingenVectors - Molecule B     \\
\vtab
\begin{tabular}{|c c c|}
0.999922	 & 	0.00746944	 & 	-0.0100264	 \\
0.00735508	 & 	-0.999908	 & 	-0.0113945	 \\
0.0101106	 & 	-0.0113198	 & 	0.999885
\end{tabular}

\vtab
 EingenValues - Molecule B     \\
\vtab
\begin{tabular}{|c c c|}
257.939	 & 	1157.55	 & 	1280.06
\end{tabular}

\end{center}
\end{multicols}
\begin{center}
\vtab
\vtab
\textcolor{NavyBlue}{\Large Are Isomers}
\end{center}
%%%%%%%%%%%%%%%%%%%%%%%%%%%%%%%%%%%%%%%%%%%%%%%%%%%%%%%%
%%%%%%%%%%%%%%%%%%%%%%%%%%%%%%%%%%%%%%%%%%%%%%%%%%%%%%%%
\newpage
%%%%%%%%%%%%%%%%%%%%%%%%%%%%%%%%%%%%%%%%%%%%%%%%%%%%%%%%
%%%%%%%%%%%%%%%%%%%%%%%%%%%%%%%%%%%%%%%%%%%%%%%%%%%%%%%%
\begin{multicols}{2}
\begin{center}
Molecule A \\ 
Base-Fructuose\_out\_G09
\\
Inertia Tensor - Molecule A \\
\vtab
\begin{tabular}{|c c c|}
228.962	 & 	-17.4299	 & 	2.01118	 \\
-17.4299	 & 	1222.64	 & 	-0.103419	 \\
2.01118	 & 	-0.103419	 & 	1316.38
\end{tabular}

\vtab
 EingenVectors - Molecule A     \\
\vtab
\begin{tabular}{|c c c|}
0.999845	 & 	0.0175325	 & 	-0.00184703	 \\
0.0175298	 & 	-0.999845	 & 	-0.00148399	 \\
0.00187276	 & 	-0.00145138	 & 	0.999997
\end{tabular}

\vtab
 EingenValues - Molecule A     \\
\vtab
\begin{tabular}{|c c c|}
228.653	 & 	1222.94	 & 	1316.38
\end{tabular}
\columnbreak

Molecule B \\ 
S-S-S-Fructuose\_out\_G09
\\
Inertia Tensor - Molecule B \\
\vtab
\begin{tabular}{|c c c|}
226.452	 & 	13.0925	 & 	-2.23012	 \\
13.0925	 & 	1177.96	 & 	-0.925239	 \\
-2.23012	 & 	-0.925239	 & 	1359.88
\end{tabular}

\vtab
 EingenVectors - Molecule B     \\
\vtab
\begin{tabular}{|c c c|}
-0.999903	 & 	0.0137538	 & 	-0.00195585	 \\
0.0137434	 & 	0.999892	 & 	0.00525895	 \\
-0.00202797	 & 	-0.00523156	 & 	0.999984
\end{tabular}

\vtab
 EingenValues - Molecule B     \\
\vtab
\begin{tabular}{|c c c|}
226.267	 & 	1178.14	 & 	1359.89
\end{tabular}

\end{center}
\end{multicols}
\begin{center}
\vtab
\vtab
\textcolor{NavyBlue}{\Large Are Isomers}
\end{center}
%%%%%%%%%%%%%%%%%%%%%%%%%%%%%%%%%%%%%%%%%%%%%%%%%%%%%%%%
%%%%%%%%%%%%%%%%%%%%%%%%%%%%%%%%%%%%%%%%%%%%%%%%%%%%%%%%
\newpage
%%%%%%%%%%%%%%%%%%%%%%%%%%%%%%%%%%%%%%%%%%%%%%%%%%%%%%%%
%%%%%%%%%%%%%%%%%%%%%%%%%%%%%%%%%%%%%%%%%%%%%%%%%%%%%%%%
\begin{multicols}{2}
\begin{center}
Molecule A \\ 
D\_-\_Fructuose\_out\_G09
\\
Inertia Tensor - Molecule A \\
\vtab
\begin{tabular}{|c c c|}
263.78	 & 	3.63756	 & 	5.48351	 \\
3.63756	 & 	1174.62	 & 	1.15892	 \\
5.48351	 & 	1.15892	 & 	1226.18
\end{tabular}

\vtab
 EingenVectors - Molecule A     \\
\vtab
\begin{tabular}{|c c c|}
0.999976	 & 	-0.00398608	 & 	-0.00569256	 \\
0.00385485	 & 	0.999731	 & 	-0.0228795	 \\
0.00578223	 & 	0.022857	 & 	0.999722
\end{tabular}

\vtab
 EingenValues - Molecule A     \\
\vtab
\begin{tabular}{|c c c|}
263.734	 & 	1174.61	 & 	1226.23
\end{tabular}
\columnbreak

Molecule B \\ 
R-R-R-Fructuose\_out\_G09
\\
Inertia Tensor - Molecule B \\
\vtab
\begin{tabular}{|c c c|}
270.815	 & 	9.92006	 & 	1.58147	 \\
9.92006	 & 	1105.83	 & 	-0.519818	 \\
1.58147	 & 	-0.519818	 & 	1246.52
\end{tabular}

\vtab
 EingenVectors - Molecule B     \\
\vtab
\begin{tabular}{|c c c|}
0.999928	 & 	-0.0118786	 & 	-0.00162686	 \\
-0.0118843	 & 	-0.999923	 & 	-0.00356382	 \\
0.0015844	 & 	-0.0035829	 & 	0.999992
\end{tabular}

\vtab
 EingenValues - Molecule B     \\
\vtab
\begin{tabular}{|c c c|}
270.695	 & 	1105.94	 & 	1246.52
\end{tabular}

\end{center}
\end{multicols}
\begin{center}
\vtab
\vtab
\textcolor{NavyBlue}{\Large Are Isomers}
\end{center}
%%%%%%%%%%%%%%%%%%%%%%%%%%%%%%%%%%%%%%%%%%%%%%%%%%%%%%%%
%%%%%%%%%%%%%%%%%%%%%%%%%%%%%%%%%%%%%%%%%%%%%%%%%%%%%%%%
\newpage
%%%%%%%%%%%%%%%%%%%%%%%%%%%%%%%%%%%%%%%%%%%%%%%%%%%%%%%%
%%%%%%%%%%%%%%%%%%%%%%%%%%%%%%%%%%%%%%%%%%%%%%%%%%%%%%%%
\begin{multicols}{2}
\begin{center}
Molecule A \\ 
D\_-\_Fructuose\_out\_G09
\\
Inertia Tensor - Molecule A \\
\vtab
\begin{tabular}{|c c c|}
263.78	 & 	3.63756	 & 	5.48351	 \\
3.63756	 & 	1174.62	 & 	1.15892	 \\
5.48351	 & 	1.15892	 & 	1226.18
\end{tabular}

\vtab
 EingenVectors - Molecule A     \\
\vtab
\begin{tabular}{|c c c|}
0.999976	 & 	-0.00398608	 & 	-0.00569256	 \\
0.00385485	 & 	0.999731	 & 	-0.0228795	 \\
0.00578223	 & 	0.022857	 & 	0.999722
\end{tabular}

\vtab
 EingenValues - Molecule A     \\
\vtab
\begin{tabular}{|c c c|}
263.734	 & 	1174.61	 & 	1226.23
\end{tabular}
\columnbreak

Molecule B \\ 
R-R-S-Fructuose\_out\_G09
\\
Inertia Tensor - Molecule B \\
\vtab
\begin{tabular}{|c c c|}
258.077	 & 	6.73578	 & 	-10.2403	 \\
6.73578	 & 	1157.51	 & 	-1.31161	 \\
-10.2403	 & 	-1.31161	 & 	1279.98
\end{tabular}

\vtab
 EingenVectors - Molecule B     \\
\vtab
\begin{tabular}{|c c c|}
-0.999922	 & 	0.00747247	 & 	-0.0100089	 \\
0.00735899	 & 	0.999909	 & 	0.0113273	 \\
-0.0100927	 & 	-0.0112527	 & 	0.999886
\end{tabular}

\vtab
 EingenValues - Molecule B     \\
\vtab
\begin{tabular}{|c c c|}
257.924	 & 	1157.54	 & 	1280.1
\end{tabular}

\end{center}
\end{multicols}
\begin{center}
\vtab
\vtab
\textcolor{NavyBlue}{\Large Are Isomers}
\end{center}
%%%%%%%%%%%%%%%%%%%%%%%%%%%%%%%%%%%%%%%%%%%%%%%%%%%%%%%%
%%%%%%%%%%%%%%%%%%%%%%%%%%%%%%%%%%%%%%%%%%%%%%%%%%%%%%%%
\newpage
%%%%%%%%%%%%%%%%%%%%%%%%%%%%%%%%%%%%%%%%%%%%%%%%%%%%%%%%
%%%%%%%%%%%%%%%%%%%%%%%%%%%%%%%%%%%%%%%%%%%%%%%%%%%%%%%%
\begin{multicols}{2}
\begin{center}
Molecule A \\ 
D\_-\_Fructuose\_out\_G09
\\
Inertia Tensor - Molecule A \\
\vtab
\begin{tabular}{|c c c|}
263.78	 & 	3.63756	 & 	5.48351	 \\
3.63756	 & 	1174.62	 & 	1.15892	 \\
5.48351	 & 	1.15892	 & 	1226.18
\end{tabular}

\vtab
 EingenVectors - Molecule A     \\
\vtab
\begin{tabular}{|c c c|}
0.999976	 & 	-0.00398608	 & 	-0.00569256	 \\
0.00385485	 & 	0.999731	 & 	-0.0228795	 \\
0.00578223	 & 	0.022857	 & 	0.999722
\end{tabular}

\vtab
 EingenValues - Molecule A     \\
\vtab
\begin{tabular}{|c c c|}
263.734	 & 	1174.61	 & 	1226.23
\end{tabular}
\columnbreak

Molecule B \\ 
R-S-R-Fructuose\_out\_G09
\\
Inertia Tensor - Molecule B \\
\vtab
\begin{tabular}{|c c c|}
202.772	 & 	14.8494	 & 	0.184396	 \\
14.8494	 & 	1218.4	 & 	-0.831783	 \\
0.184396	 & 	-0.831783	 & 	1335.51
\end{tabular}

\vtab
 EingenVectors - Molecule B     \\
\vtab
\begin{tabular}{|c c c|}
-0.999893	 & 	0.0146163	 & 	0.00017347	 \\
-0.0146172	 & 	-0.999868	 & 	-0.00709174	 \\
6.97925e-05	 & 	-0.00709352	 & 	0.999975
\end{tabular}

\vtab
 EingenValues - Molecule B     \\
\vtab
\begin{tabular}{|c c c|}
202.555	 & 	1218.61	 & 	1335.51
\end{tabular}

\end{center}
\end{multicols}
\begin{center}
\vtab
\vtab
\textcolor{NavyBlue}{\Large Are Isomers}
\end{center}
%%%%%%%%%%%%%%%%%%%%%%%%%%%%%%%%%%%%%%%%%%%%%%%%%%%%%%%%
%%%%%%%%%%%%%%%%%%%%%%%%%%%%%%%%%%%%%%%%%%%%%%%%%%%%%%%%
\newpage
%%%%%%%%%%%%%%%%%%%%%%%%%%%%%%%%%%%%%%%%%%%%%%%%%%%%%%%%
%%%%%%%%%%%%%%%%%%%%%%%%%%%%%%%%%%%%%%%%%%%%%%%%%%%%%%%%
\begin{multicols}{2}
\begin{center}
Molecule A \\ 
D\_-\_Fructuose\_out\_G09
\\
Inertia Tensor - Molecule A \\
\vtab
\begin{tabular}{|c c c|}
263.78	 & 	3.63756	 & 	5.48351	 \\
3.63756	 & 	1174.62	 & 	1.15892	 \\
5.48351	 & 	1.15892	 & 	1226.18
\end{tabular}

\vtab
 EingenVectors - Molecule A     \\
\vtab
\begin{tabular}{|c c c|}
0.999976	 & 	-0.00398608	 & 	-0.00569256	 \\
0.00385485	 & 	0.999731	 & 	-0.0228795	 \\
0.00578223	 & 	0.022857	 & 	0.999722
\end{tabular}

\vtab
 EingenValues - Molecule A     \\
\vtab
\begin{tabular}{|c c c|}
263.734	 & 	1174.61	 & 	1226.23
\end{tabular}
\columnbreak

Molecule B \\ 
R-S-S-Fructuose\_out\_G09
\\
Inertia Tensor - Molecule B \\
\vtab
\begin{tabular}{|c c c|}
215.024	 & 	-14.0942	 & 	-5.97678	 \\
-14.0942	 & 	1187.1	 & 	0.653719	 \\
-5.97678	 & 	0.653719	 & 	1326.43
\end{tabular}

\vtab
 EingenVectors - Molecule B     \\
\vtab
\begin{tabular}{|c c c|}
0.999881	 & 	0.0144902	 & 	0.00536739	 \\
0.0144617	 & 	-0.999881	 & 	0.0053195	 \\
-0.00544384	 & 	0.00524124	 & 	0.999971
\end{tabular}

\vtab
 EingenValues - Molecule B     \\
\vtab
\begin{tabular}{|c c c|}
214.787	 & 	1187.3	 & 	1326.46
\end{tabular}

\end{center}
\end{multicols}
\begin{center}
\vtab
\vtab
\textcolor{NavyBlue}{\Large Are Isomers}
\end{center}
%%%%%%%%%%%%%%%%%%%%%%%%%%%%%%%%%%%%%%%%%%%%%%%%%%%%%%%%
%%%%%%%%%%%%%%%%%%%%%%%%%%%%%%%%%%%%%%%%%%%%%%%%%%%%%%%%
\newpage
%%%%%%%%%%%%%%%%%%%%%%%%%%%%%%%%%%%%%%%%%%%%%%%%%%%%%%%%
%%%%%%%%%%%%%%%%%%%%%%%%%%%%%%%%%%%%%%%%%%%%%%%%%%%%%%%%
\begin{multicols}{2}
\begin{center}
Molecule A \\ 
D\_-\_Fructuose\_out\_G09
\\
Inertia Tensor - Molecule A \\
\vtab
\begin{tabular}{|c c c|}
263.78	 & 	3.63756	 & 	5.48351	 \\
3.63756	 & 	1174.62	 & 	1.15892	 \\
5.48351	 & 	1.15892	 & 	1226.18
\end{tabular}

\vtab
 EingenVectors - Molecule A     \\
\vtab
\begin{tabular}{|c c c|}
0.999976	 & 	-0.00398608	 & 	-0.00569256	 \\
0.00385485	 & 	0.999731	 & 	-0.0228795	 \\
0.00578223	 & 	0.022857	 & 	0.999722
\end{tabular}

\vtab
 EingenValues - Molecule A     \\
\vtab
\begin{tabular}{|c c c|}
263.734	 & 	1174.61	 & 	1226.23
\end{tabular}
\columnbreak

Molecule B \\ 
S-R-R-Fructuose\_out\_G09
\\
Inertia Tensor - Molecule B \\
\vtab
\begin{tabular}{|c c c|}
267.669	 & 	-2.83987	 & 	8.0125	 \\
-2.83987	 & 	1173.13	 & 	0.735007	 \\
8.0125	 & 	0.735007	 & 	1229.07
\end{tabular}

\vtab
 EingenVectors - Molecule B     \\
\vtab
\begin{tabular}{|c c c|}
0.99996	 & 	0.00314275	 & 	-0.00833561	 \\
-0.00324825	 & 	0.999914	 & 	-0.0126739	 \\
0.00829507	 & 	0.0127005	 & 	0.999885
\end{tabular}

\vtab
 EingenValues - Molecule B     \\
\vtab
\begin{tabular}{|c c c|}
267.593	 & 	1173.13	 & 	1229.15
\end{tabular}

\end{center}
\end{multicols}
\begin{center}
\vtab
\vtab
\textcolor{NavyBlue}{\Large Are Isomers}
\end{center}
%%%%%%%%%%%%%%%%%%%%%%%%%%%%%%%%%%%%%%%%%%%%%%%%%%%%%%%%
%%%%%%%%%%%%%%%%%%%%%%%%%%%%%%%%%%%%%%%%%%%%%%%%%%%%%%%%
\newpage
%%%%%%%%%%%%%%%%%%%%%%%%%%%%%%%%%%%%%%%%%%%%%%%%%%%%%%%%
%%%%%%%%%%%%%%%%%%%%%%%%%%%%%%%%%%%%%%%%%%%%%%%%%%%%%%%%
\begin{multicols}{2}
\begin{center}
Molecule A \\ 
D\_-\_Fructuose\_out\_G09
\\
Inertia Tensor - Molecule A \\
\vtab
\begin{tabular}{|c c c|}
263.78	 & 	3.63756	 & 	5.48351	 \\
3.63756	 & 	1174.62	 & 	1.15892	 \\
5.48351	 & 	1.15892	 & 	1226.18
\end{tabular}

\vtab
 EingenVectors - Molecule A     \\
\vtab
\begin{tabular}{|c c c|}
0.999976	 & 	-0.00398608	 & 	-0.00569256	 \\
0.00385485	 & 	0.999731	 & 	-0.0228795	 \\
0.00578223	 & 	0.022857	 & 	0.999722
\end{tabular}

\vtab
 EingenValues - Molecule A     \\
\vtab
\begin{tabular}{|c c c|}
263.734	 & 	1174.61	 & 	1226.23
\end{tabular}
\columnbreak

Molecule B \\ 
S-R-S-Fructuose\_out\_G09
\\
Inertia Tensor - Molecule B \\
\vtab
\begin{tabular}{|c c c|}
202.782	 & 	-14.8472	 & 	-0.161586	 \\
-14.8472	 & 	1218.41	 & 	-0.836204	 \\
-0.161586	 & 	-0.836204	 & 	1335.52
\end{tabular}

\vtab
 EingenVectors - Molecule B     \\
\vtab
\begin{tabular}{|c c c|}
-0.999893	 & 	-0.0146142	 & 	-0.000153395	 \\
0.0146149	 & 	-0.999868	 & 	-0.00713203	 \\
-4.91458e-05	 & 	-0.00713351	 & 	0.999975
\end{tabular}

\vtab
 EingenValues - Molecule B     \\
\vtab
\begin{tabular}{|c c c|}
202.565	 & 	1218.62	 & 	1335.52
\end{tabular}

\end{center}
\end{multicols}
\begin{center}
\vtab
\vtab
\textcolor{NavyBlue}{\Large Are Isomers}
\end{center}
%%%%%%%%%%%%%%%%%%%%%%%%%%%%%%%%%%%%%%%%%%%%%%%%%%%%%%%%
%%%%%%%%%%%%%%%%%%%%%%%%%%%%%%%%%%%%%%%%%%%%%%%%%%%%%%%%
\newpage
%%%%%%%%%%%%%%%%%%%%%%%%%%%%%%%%%%%%%%%%%%%%%%%%%%%%%%%%
%%%%%%%%%%%%%%%%%%%%%%%%%%%%%%%%%%%%%%%%%%%%%%%%%%%%%%%%
\begin{multicols}{2}
\begin{center}
Molecule A \\ 
D\_-\_Fructuose\_out\_G09
\\
Inertia Tensor - Molecule A \\
\vtab
\begin{tabular}{|c c c|}
263.78	 & 	3.63756	 & 	5.48351	 \\
3.63756	 & 	1174.62	 & 	1.15892	 \\
5.48351	 & 	1.15892	 & 	1226.18
\end{tabular}

\vtab
 EingenVectors - Molecule A     \\
\vtab
\begin{tabular}{|c c c|}
0.999976	 & 	-0.00398608	 & 	-0.00569256	 \\
0.00385485	 & 	0.999731	 & 	-0.0228795	 \\
0.00578223	 & 	0.022857	 & 	0.999722
\end{tabular}

\vtab
 EingenValues - Molecule A     \\
\vtab
\begin{tabular}{|c c c|}
263.734	 & 	1174.61	 & 	1226.23
\end{tabular}
\columnbreak

Molecule B \\ 
S-S-R-Fructuose\_out\_G09
\\
Inertia Tensor - Molecule B \\
\vtab
\begin{tabular}{|c c c|}
258.093	 & 	-6.7331	 & 	10.2577	 \\
-6.7331	 & 	1157.52	 & 	-1.31924	 \\
10.2577	 & 	-1.31924	 & 	1279.94
\end{tabular}

\vtab
 EingenVectors - Molecule B     \\
\vtab
\begin{tabular}{|c c c|}
0.999922	 & 	0.00746944	 & 	-0.0100264	 \\
0.00735508	 & 	-0.999908	 & 	-0.0113945	 \\
0.0101106	 & 	-0.0113198	 & 	0.999885
\end{tabular}

\vtab
 EingenValues - Molecule B     \\
\vtab
\begin{tabular}{|c c c|}
257.939	 & 	1157.55	 & 	1280.06
\end{tabular}

\end{center}
\end{multicols}
\begin{center}
\vtab
\vtab
\textcolor{NavyBlue}{\Large Are Isomers}
\end{center}
%%%%%%%%%%%%%%%%%%%%%%%%%%%%%%%%%%%%%%%%%%%%%%%%%%%%%%%%
%%%%%%%%%%%%%%%%%%%%%%%%%%%%%%%%%%%%%%%%%%%%%%%%%%%%%%%%
\newpage
%%%%%%%%%%%%%%%%%%%%%%%%%%%%%%%%%%%%%%%%%%%%%%%%%%%%%%%%
%%%%%%%%%%%%%%%%%%%%%%%%%%%%%%%%%%%%%%%%%%%%%%%%%%%%%%%%
\begin{multicols}{2}
\begin{center}
Molecule A \\ 
D\_-\_Fructuose\_out\_G09
\\
Inertia Tensor - Molecule A \\
\vtab
\begin{tabular}{|c c c|}
263.78	 & 	3.63756	 & 	5.48351	 \\
3.63756	 & 	1174.62	 & 	1.15892	 \\
5.48351	 & 	1.15892	 & 	1226.18
\end{tabular}

\vtab
 EingenVectors - Molecule A     \\
\vtab
\begin{tabular}{|c c c|}
0.999976	 & 	-0.00398608	 & 	-0.00569256	 \\
0.00385485	 & 	0.999731	 & 	-0.0228795	 \\
0.00578223	 & 	0.022857	 & 	0.999722
\end{tabular}

\vtab
 EingenValues - Molecule A     \\
\vtab
\begin{tabular}{|c c c|}
263.734	 & 	1174.61	 & 	1226.23
\end{tabular}
\columnbreak

Molecule B \\ 
S-S-S-Fructuose\_out\_G09
\\
Inertia Tensor - Molecule B \\
\vtab
\begin{tabular}{|c c c|}
226.452	 & 	13.0925	 & 	-2.23012	 \\
13.0925	 & 	1177.96	 & 	-0.925239	 \\
-2.23012	 & 	-0.925239	 & 	1359.88
\end{tabular}

\vtab
 EingenVectors - Molecule B     \\
\vtab
\begin{tabular}{|c c c|}
-0.999903	 & 	0.0137538	 & 	-0.00195585	 \\
0.0137434	 & 	0.999892	 & 	0.00525895	 \\
-0.00202797	 & 	-0.00523156	 & 	0.999984
\end{tabular}

\vtab
 EingenValues - Molecule B     \\
\vtab
\begin{tabular}{|c c c|}
226.267	 & 	1178.14	 & 	1359.89
\end{tabular}

\end{center}
\end{multicols}
\begin{center}
\vtab
\vtab
\textcolor{NavyBlue}{\Large Are Isomers}
\end{center}
%%%%%%%%%%%%%%%%%%%%%%%%%%%%%%%%%%%%%%%%%%%%%%%%%%%%%%%%
%%%%%%%%%%%%%%%%%%%%%%%%%%%%%%%%%%%%%%%%%%%%%%%%%%%%%%%%
\newpage
%%%%%%%%%%%%%%%%%%%%%%%%%%%%%%%%%%%%%%%%%%%%%%%%%%%%%%%%
%%%%%%%%%%%%%%%%%%%%%%%%%%%%%%%%%%%%%%%%%%%%%%%%%%%%%%%%
\begin{multicols}{2}
\begin{center}
Molecule A \\ 
neopentane\_out\_G09
\vtab

\columnbreak

Molecule B \\ 
