% All results

\vtab[-3cm]
\begin{center}
{\large AsymmetricEnantiomers \tab Número 1}
\end{center}
\begin{multicols}{2}
\begin{center}

Molecule A \
r-2-chlorobutane\_out\_G09

\includegraphics[width=6cm]{../Comparisons/ImagesFromVMD/r-2-chlorobutane_out_G09.png}

Inertia Tensor - Molecule A \\
\begin{tabular}{|c c c|}
113.621	 & 	-8.52391	 & 	-0.0867925	 \\
-8.52391	 & 	164.234	 & 	-0.885702	 \\
-0.0867925	 & 	-0.885702	 & 	257.008
\end{tabular}

\vtab
 EingenVectors - Molecule A     \\
\begin{tabular}{|c c c|}
-0.986829	 & 	-0.161759	 & 	-0.00158111	 \\
0.161767	 & 	-0.986784	 & 	-0.00941026	 \\
-3.80259e-05	 & 	-0.00954208	 & 	0.999954
\end{tabular}

\vtab
 EingenValues - Molecule A     \\
\begin{tabular}{|c c c|}
112.224	 & 	165.623	 & 	257.016	 \\
\end{tabular}
\columnbreak

Molecule B \
r-2-chlorobutane\_out\_G09\_inversion

\includegraphics[width=6cm]{../Comparisons/ImagesFromVMD/r-2-chlorobutane_out_G09_inversion.png}

Inertia Tensor - Molecule B \\
\begin{tabular}{|c c c|}
113.621	 & 	-8.52381	 & 	-0.0867846	 \\
-8.52381	 & 	164.234	 & 	-0.885691	 \\
-0.0867846	 & 	-0.885691	 & 	257.008
\end{tabular}

\vtab
 EingenVectors - Molecule B     \\
\begin{tabular}{|c c c|}
-0.986829	 & 	-0.161756	 & 	-0.00158103	 \\
0.161764	 & 	-0.986785	 & 	-0.00941017	 \\
-3.79835e-05	 & 	-0.00954198	 & 	0.999954
\end{tabular}

\vtab
 EingenValues - Molecule B     \\
\begin{tabular}{|c c c|}
112.224	 & 	165.623	 & 	257.016	 \\
\end{tabular}

\end{center}
\end{multicols}

\vtab[-5mm]
\begin{tabular}{*{2}{m{0.38\textwidth}}}
\begin{center}
\textcolor{NavyBlue}{\Large Enantiomers}
\end{center}
&
\begin{center}
\includegraphics[height=6.5cm]{../Comparisons/Vectors/inertia_tensor_of_r-2-chlorobutane_out_G09_and_r-2-chlorobutane_out_G09_inversion.png}
\end{center}
\end{tabular}

 \newpage

\vtab[-3cm]
\begin{center}
{\large AsymmetricEnantiomers \tab Número 2}
\end{center}
\begin{multicols}{2}
\begin{center}

Molecule A \
r-2-chlorobutane\_out\_G09

\includegraphics[width=6cm]{../Comparisons/ImagesFromVMD/r-2-chlorobutane_out_G09.png}

Inertia Tensor - Molecule A \\
\begin{tabular}{|c c c|}
113.621	 & 	-8.52391	 & 	-0.0867925	 \\
-8.52391	 & 	164.234	 & 	-0.885702	 \\
-0.0867925	 & 	-0.885702	 & 	257.008
\end{tabular}

\vtab
 EingenVectors - Molecule A     \\
\begin{tabular}{|c c c|}
-0.986829	 & 	-0.161759	 & 	-0.00158111	 \\
0.161767	 & 	-0.986784	 & 	-0.00941026	 \\
-3.80259e-05	 & 	-0.00954208	 & 	0.999954
\end{tabular}

\vtab
 EingenValues - Molecule A     \\
\begin{tabular}{|c c c|}
112.224	 & 	165.623	 & 	257.016	 \\
\end{tabular}
\columnbreak

Molecule B \
r-2-chlorobutane\_rotated\_out\_G09

\includegraphics[width=6cm]{../Comparisons/ImagesFromVMD/r-2-chlorobutane_rotated_out_G09.png}

Inertia Tensor - Molecule B \\
\begin{tabular}{|c c c|}
113.621	 & 	-8.52391	 & 	-0.0867928	 \\
-8.52391	 & 	164.234	 & 	-0.885702	 \\
-0.0867928	 & 	-0.885702	 & 	257.008
\end{tabular}

\vtab
 EingenVectors - Molecule B     \\
\begin{tabular}{|c c c|}
-0.986829	 & 	-0.161759	 & 	-0.00158112	 \\
0.161767	 & 	-0.986784	 & 	-0.00941025	 \\
-3.80279e-05	 & 	-0.00954208	 & 	0.999954
\end{tabular}

\vtab
 EingenValues - Molecule B     \\
\begin{tabular}{|c c c|}
112.224	 & 	165.623	 & 	257.016	 \\
\end{tabular}

\end{center}
\end{multicols}

\vtab[-5mm]
\begin{tabular}{*{2}{m{0.38\textwidth}}}
\begin{center}
\textcolor{NavyBlue}{\Large Equal}
\end{center}
&
\begin{center}
\includegraphics[height=6.5cm]{../Comparisons/Vectors/inertia_tensor_of_r-2-chlorobutane_out_G09_and_r-2-chlorobutane_rotated_out_G09.png}
\end{center}
\end{tabular}

 \newpage

\vtab[-3cm]
\begin{center}
{\large AsymmetricEnantiomers \tab Número 3}
\end{center}
\begin{multicols}{2}
\begin{center}

Molecule A \
r-2-chlorobutane\_out\_G09

\includegraphics[width=6cm]{../Comparisons/ImagesFromVMD/r-2-chlorobutane_out_G09.png}

Inertia Tensor - Molecule A \\
\begin{tabular}{|c c c|}
113.621	 & 	-8.52391	 & 	-0.0867925	 \\
-8.52391	 & 	164.234	 & 	-0.885702	 \\
-0.0867925	 & 	-0.885702	 & 	257.008
\end{tabular}

\vtab
 EingenVectors - Molecule A     \\
\begin{tabular}{|c c c|}
-0.986829	 & 	-0.161759	 & 	-0.00158111	 \\
0.161767	 & 	-0.986784	 & 	-0.00941026	 \\
-3.80259e-05	 & 	-0.00954208	 & 	0.999954
\end{tabular}

\vtab
 EingenValues - Molecule A     \\
\begin{tabular}{|c c c|}
112.224	 & 	165.623	 & 	257.016	 \\
\end{tabular}
\columnbreak

Molecule B \
s-2-chlorobutane\_out\_G09

\includegraphics[width=6cm]{../Comparisons/ImagesFromVMD/s-2-chlorobutane_out_G09.png}

Inertia Tensor - Molecule B \\
\begin{tabular}{|c c c|}
113.621	 & 	8.52396	 & 	0.0868155	 \\
8.52396	 & 	164.235	 & 	-0.885715	 \\
0.0868155	 & 	-0.885715	 & 	257.008
\end{tabular}

\vtab
 EingenVectors - Molecule B     \\
\begin{tabular}{|c c c|}
-0.98683	 & 	0.161755	 & 	0.00158125	 \\
-0.161763	 & 	-0.986785	 & 	-0.00941041	 \\
3.81715e-05	 & 	-0.00954226	 & 	0.999954
\end{tabular}

\vtab
 EingenValues - Molecule B     \\
\begin{tabular}{|c c c|}
112.224	 & 	165.624	 & 	257.017	 \\
\end{tabular}

\end{center}
\end{multicols}

\vtab[-5mm]
\begin{tabular}{*{2}{m{0.38\textwidth}}}
\begin{center}
\textcolor{NavyBlue}{\Large Enantiomers}
\end{center}
&
\begin{center}
\includegraphics[height=6.5cm]{../Comparisons/Vectors/inertia_tensor_of_r-2-chlorobutane_out_G09_and_s-2-chlorobutane_out_G09.png}
\end{center}
\end{tabular}

 \newpage

\vtab[-3cm]
\begin{center}
{\large AsymmetricEnantiomers \tab Número 4}
\end{center}
\begin{multicols}{2}
\begin{center}

Molecule A \
r-2-chlorobutane\_out\_G09

\includegraphics[width=6cm]{../Comparisons/ImagesFromVMD/r-2-chlorobutane_out_G09.png}

Inertia Tensor - Molecule A \\
\begin{tabular}{|c c c|}
113.621	 & 	-8.52391	 & 	-0.0867925	 \\
-8.52391	 & 	164.234	 & 	-0.885702	 \\
-0.0867925	 & 	-0.885702	 & 	257.008
\end{tabular}

\vtab
 EingenVectors - Molecule A     \\
\begin{tabular}{|c c c|}
-0.986829	 & 	-0.161759	 & 	-0.00158111	 \\
0.161767	 & 	-0.986784	 & 	-0.00941026	 \\
-3.80259e-05	 & 	-0.00954208	 & 	0.999954
\end{tabular}

\vtab
 EingenValues - Molecule A     \\
\begin{tabular}{|c c c|}
112.224	 & 	165.623	 & 	257.016	 \\
\end{tabular}
\columnbreak

Molecule B \
s-2-chlorobutane\_out\_G09\_inversion

\includegraphics[width=6cm]{../Comparisons/ImagesFromVMD/s-2-chlorobutane_out_G09_inversion.png}

Inertia Tensor - Molecule B \\
\begin{tabular}{|c c c|}
113.622	 & 	8.52398	 & 	0.0868204	 \\
8.52398	 & 	164.235	 & 	-0.88572	 \\
0.0868204	 & 	-0.88572	 & 	257.009
\end{tabular}

\vtab
 EingenVectors - Molecule B     \\
\begin{tabular}{|c c c|}
-0.986829	 & 	0.161757	 & 	0.0015813	 \\
-0.161765	 & 	-0.986785	 & 	-0.00941039	 \\
3.82053e-05	 & 	-0.00954225	 & 	0.999954
\end{tabular}

\vtab
 EingenValues - Molecule B     \\
\begin{tabular}{|c c c|}
112.224	 & 	165.624	 & 	257.018	 \\
\end{tabular}

\end{center}
\end{multicols}

\vtab[-5mm]
\begin{tabular}{*{2}{m{0.38\textwidth}}}
\begin{center}
\textcolor{NavyBlue}{\Large Equal}
\end{center}
&
\begin{center}
\includegraphics[height=6.5cm]{../Comparisons/Vectors/inertia_tensor_of_r-2-chlorobutane_out_G09_and_s-2-chlorobutane_out_G09_inversion.png}
\end{center}
\end{tabular}

 \newpage

\vtab[-3cm]
\begin{center}
{\large AsymmetricEnantiomers \tab Número 5}
\end{center}
\begin{multicols}{2}
\begin{center}

Molecule A \
r-2-chlorobutane\_out\_G09

\includegraphics[width=6cm]{../Comparisons/ImagesFromVMD/r-2-chlorobutane_out_G09.png}

Inertia Tensor - Molecule A \\
\begin{tabular}{|c c c|}
113.621	 & 	-8.52391	 & 	-0.0867925	 \\
-8.52391	 & 	164.234	 & 	-0.885702	 \\
-0.0867925	 & 	-0.885702	 & 	257.008
\end{tabular}

\vtab
 EingenVectors - Molecule A     \\
\begin{tabular}{|c c c|}
-0.986829	 & 	-0.161759	 & 	-0.00158111	 \\
0.161767	 & 	-0.986784	 & 	-0.00941026	 \\
-3.80259e-05	 & 	-0.00954208	 & 	0.999954
\end{tabular}

\vtab
 EingenValues - Molecule A     \\
\begin{tabular}{|c c c|}
112.224	 & 	165.623	 & 	257.016	 \\
\end{tabular}
\columnbreak

Molecule B \
s-2-chlorobutane\_rotated\_out\_G09

\includegraphics[width=6cm]{../Comparisons/ImagesFromVMD/s-2-chlorobutane_rotated_out_G09.png}

Inertia Tensor - Molecule B \\
\begin{tabular}{|c c c|}
113.621	 & 	8.52397	 & 	0.0867992	 \\
8.52397	 & 	164.235	 & 	-0.885706	 \\
0.0867992	 & 	-0.885706	 & 	257.008
\end{tabular}

\vtab
 EingenVectors - Molecule B     \\
\begin{tabular}{|c c c|}
-0.98683	 & 	0.161756	 & 	0.00158113	 \\
-0.161763	 & 	-0.986785	 & 	-0.00941034	 \\
3.80628e-05	 & 	-0.00954217	 & 	0.999954
\end{tabular}

\vtab
 EingenValues - Molecule B     \\
\begin{tabular}{|c c c|}
112.224	 & 	165.624	 & 	257.017	 \\
\end{tabular}

\end{center}
\end{multicols}

\vtab[-5mm]
\begin{tabular}{*{2}{m{0.38\textwidth}}}
\begin{center}
\textcolor{NavyBlue}{\Large Enantiomers}
\end{center}
&
\begin{center}
\includegraphics[height=6.5cm]{../Comparisons/Vectors/inertia_tensor_of_r-2-chlorobutane_out_G09_and_s-2-chlorobutane_rotated_out_G09.png}
\end{center}
\end{tabular}

 \newpage

\vtab[-3cm]
\begin{center}
{\large AsymmetricEnantiomers \tab Número 6}
\end{center}
\begin{multicols}{2}
\begin{center}

Molecule A \
r-2-chlorobutane\_out\_G09\_inversion

\includegraphics[width=6cm]{../Comparisons/ImagesFromVMD/r-2-chlorobutane_out_G09_inversion.png}

Inertia Tensor - Molecule A \\
\begin{tabular}{|c c c|}
113.621	 & 	-8.52381	 & 	-0.0867846	 \\
-8.52381	 & 	164.234	 & 	-0.885691	 \\
-0.0867846	 & 	-0.885691	 & 	257.008
\end{tabular}

\vtab
 EingenVectors - Molecule A     \\
\begin{tabular}{|c c c|}
-0.986829	 & 	-0.161756	 & 	-0.00158103	 \\
0.161764	 & 	-0.986785	 & 	-0.00941017	 \\
-3.79835e-05	 & 	-0.00954198	 & 	0.999954
\end{tabular}

\vtab
 EingenValues - Molecule A     \\
\begin{tabular}{|c c c|}
112.224	 & 	165.623	 & 	257.016	 \\
\end{tabular}
\columnbreak

Molecule B \
r-2-chlorobutane\_rotated\_out\_G09

\includegraphics[width=6cm]{../Comparisons/ImagesFromVMD/r-2-chlorobutane_rotated_out_G09.png}

Inertia Tensor - Molecule B \\
\begin{tabular}{|c c c|}
113.621	 & 	-8.52391	 & 	-0.0867928	 \\
-8.52391	 & 	164.234	 & 	-0.885702	 \\
-0.0867928	 & 	-0.885702	 & 	257.008
\end{tabular}

\vtab
 EingenVectors - Molecule B     \\
\begin{tabular}{|c c c|}
-0.986829	 & 	-0.161759	 & 	-0.00158112	 \\
0.161767	 & 	-0.986784	 & 	-0.00941025	 \\
-3.80279e-05	 & 	-0.00954208	 & 	0.999954
\end{tabular}

\vtab
 EingenValues - Molecule B     \\
\begin{tabular}{|c c c|}
112.224	 & 	165.623	 & 	257.016	 \\
\end{tabular}

\end{center}
\end{multicols}

\vtab[-5mm]
\begin{tabular}{*{2}{m{0.38\textwidth}}}
\begin{center}
\textcolor{NavyBlue}{\Large Enantiomers}
\end{center}
&
\begin{center}
\includegraphics[height=6.5cm]{../Comparisons/Vectors/inertia_tensor_of_r-2-chlorobutane_out_G09_inversion_and_r-2-chlorobutane_rotated_out_G09.png}
\end{center}
\end{tabular}

 \newpage

\vtab[-3cm]
\begin{center}
{\large AsymmetricEnantiomers \tab Número 7}
\end{center}
\begin{multicols}{2}
\begin{center}

Molecule A \
r-2-chlorobutane\_out\_G09\_inversion

\includegraphics[width=6cm]{../Comparisons/ImagesFromVMD/r-2-chlorobutane_out_G09_inversion.png}

Inertia Tensor - Molecule A \\
\begin{tabular}{|c c c|}
113.621	 & 	-8.52381	 & 	-0.0867846	 \\
-8.52381	 & 	164.234	 & 	-0.885691	 \\
-0.0867846	 & 	-0.885691	 & 	257.008
\end{tabular}

\vtab
 EingenVectors - Molecule A     \\
\begin{tabular}{|c c c|}
-0.986829	 & 	-0.161756	 & 	-0.00158103	 \\
0.161764	 & 	-0.986785	 & 	-0.00941017	 \\
-3.79835e-05	 & 	-0.00954198	 & 	0.999954
\end{tabular}

\vtab
 EingenValues - Molecule A     \\
\begin{tabular}{|c c c|}
112.224	 & 	165.623	 & 	257.016	 \\
\end{tabular}
\columnbreak

Molecule B \
s-2-chlorobutane\_out\_G09

\includegraphics[width=6cm]{../Comparisons/ImagesFromVMD/s-2-chlorobutane_out_G09.png}

Inertia Tensor - Molecule B \\
\begin{tabular}{|c c c|}
113.621	 & 	8.52396	 & 	0.0868155	 \\
8.52396	 & 	164.235	 & 	-0.885715	 \\
0.0868155	 & 	-0.885715	 & 	257.008
\end{tabular}

\vtab
 EingenVectors - Molecule B     \\
\begin{tabular}{|c c c|}
-0.98683	 & 	0.161755	 & 	0.00158125	 \\
-0.161763	 & 	-0.986785	 & 	-0.00941041	 \\
3.81715e-05	 & 	-0.00954226	 & 	0.999954
\end{tabular}

\vtab
 EingenValues - Molecule B     \\
\begin{tabular}{|c c c|}
112.224	 & 	165.624	 & 	257.017	 \\
\end{tabular}

\end{center}
\end{multicols}

\vtab[-5mm]
\begin{tabular}{*{2}{m{0.38\textwidth}}}
\begin{center}
\textcolor{NavyBlue}{\Large Equal}
\end{center}
&
\begin{center}
\includegraphics[height=6.5cm]{../Comparisons/Vectors/inertia_tensor_of_r-2-chlorobutane_out_G09_inversion_and_s-2-chlorobutane_out_G09.png}
\end{center}
\end{tabular}

 \newpage

\vtab[-3cm]
\begin{center}
{\large AsymmetricEnantiomers \tab Número 8}
\end{center}
\begin{multicols}{2}
\begin{center}

Molecule A \
r-2-chlorobutane\_out\_G09\_inversion

\includegraphics[width=6cm]{../Comparisons/ImagesFromVMD/r-2-chlorobutane_out_G09_inversion.png}

Inertia Tensor - Molecule A \\
\begin{tabular}{|c c c|}
113.621	 & 	-8.52381	 & 	-0.0867846	 \\
-8.52381	 & 	164.234	 & 	-0.885691	 \\
-0.0867846	 & 	-0.885691	 & 	257.008
\end{tabular}

\vtab
 EingenVectors - Molecule A     \\
\begin{tabular}{|c c c|}
-0.986829	 & 	-0.161756	 & 	-0.00158103	 \\
0.161764	 & 	-0.986785	 & 	-0.00941017	 \\
-3.79835e-05	 & 	-0.00954198	 & 	0.999954
\end{tabular}

\vtab
 EingenValues - Molecule A     \\
\begin{tabular}{|c c c|}
112.224	 & 	165.623	 & 	257.016	 \\
\end{tabular}
\columnbreak

Molecule B \
s-2-chlorobutane\_out\_G09\_inversion

\includegraphics[width=6cm]{../Comparisons/ImagesFromVMD/s-2-chlorobutane_out_G09_inversion.png}

Inertia Tensor - Molecule B \\
\begin{tabular}{|c c c|}
113.622	 & 	8.52398	 & 	0.0868204	 \\
8.52398	 & 	164.235	 & 	-0.88572	 \\
0.0868204	 & 	-0.88572	 & 	257.009
\end{tabular}

\vtab
 EingenVectors - Molecule B     \\
\begin{tabular}{|c c c|}
-0.986829	 & 	0.161757	 & 	0.0015813	 \\
-0.161765	 & 	-0.986785	 & 	-0.00941039	 \\
3.82053e-05	 & 	-0.00954225	 & 	0.999954
\end{tabular}

\vtab
 EingenValues - Molecule B     \\
\begin{tabular}{|c c c|}
112.224	 & 	165.624	 & 	257.018	 \\
\end{tabular}

\end{center}
\end{multicols}

\vtab[-5mm]
\begin{tabular}{*{2}{m{0.38\textwidth}}}
\begin{center}
\textcolor{NavyBlue}{\Large Enantiomers}
\end{center}
&
\begin{center}
\includegraphics[height=6.5cm]{../Comparisons/Vectors/inertia_tensor_of_r-2-chlorobutane_out_G09_inversion_and_s-2-chlorobutane_out_G09_inversion.png}
\end{center}
\end{tabular}

 \newpage

\vtab[-3cm]
\begin{center}
{\large AsymmetricEnantiomers \tab Número 9}
\end{center}
\begin{multicols}{2}
\begin{center}

Molecule A \
r-2-chlorobutane\_out\_G09\_inversion

\includegraphics[width=6cm]{../Comparisons/ImagesFromVMD/r-2-chlorobutane_out_G09_inversion.png}

Inertia Tensor - Molecule A \\
\begin{tabular}{|c c c|}
113.621	 & 	-8.52381	 & 	-0.0867846	 \\
-8.52381	 & 	164.234	 & 	-0.885691	 \\
-0.0867846	 & 	-0.885691	 & 	257.008
\end{tabular}

\vtab
 EingenVectors - Molecule A     \\
\begin{tabular}{|c c c|}
-0.986829	 & 	-0.161756	 & 	-0.00158103	 \\
0.161764	 & 	-0.986785	 & 	-0.00941017	 \\
-3.79835e-05	 & 	-0.00954198	 & 	0.999954
\end{tabular}

\vtab
 EingenValues - Molecule A     \\
\begin{tabular}{|c c c|}
112.224	 & 	165.623	 & 	257.016	 \\
\end{tabular}
\columnbreak

Molecule B \
s-2-chlorobutane\_rotated\_out\_G09

\includegraphics[width=6cm]{../Comparisons/ImagesFromVMD/s-2-chlorobutane_rotated_out_G09.png}

Inertia Tensor - Molecule B \\
\begin{tabular}{|c c c|}
113.621	 & 	8.52397	 & 	0.0867992	 \\
8.52397	 & 	164.235	 & 	-0.885706	 \\
0.0867992	 & 	-0.885706	 & 	257.008
\end{tabular}

\vtab
 EingenVectors - Molecule B     \\
\begin{tabular}{|c c c|}
-0.98683	 & 	0.161756	 & 	0.00158113	 \\
-0.161763	 & 	-0.986785	 & 	-0.00941034	 \\
3.80628e-05	 & 	-0.00954217	 & 	0.999954
\end{tabular}

\vtab
 EingenValues - Molecule B     \\
\begin{tabular}{|c c c|}
112.224	 & 	165.624	 & 	257.017	 \\
\end{tabular}

\end{center}
\end{multicols}

\vtab[-5mm]
\begin{tabular}{*{2}{m{0.38\textwidth}}}
\begin{center}
\textcolor{NavyBlue}{\Large Equal}
\end{center}
&
\begin{center}
\includegraphics[height=6.5cm]{../Comparisons/Vectors/inertia_tensor_of_r-2-chlorobutane_out_G09_inversion_and_s-2-chlorobutane_rotated_out_G09.png}
\end{center}
\end{tabular}

 \newpage

\vtab[-3cm]
\begin{center}
{\large AsymmetricEnantiomers \tab Número 10}
\end{center}
\begin{multicols}{2}
\begin{center}

Molecule A \
r-2-chlorobutane\_rotated\_out\_G09

\includegraphics[width=6cm]{../Comparisons/ImagesFromVMD/r-2-chlorobutane_rotated_out_G09.png}

Inertia Tensor - Molecule A \\
\begin{tabular}{|c c c|}
113.621	 & 	-8.52391	 & 	-0.0867928	 \\
-8.52391	 & 	164.234	 & 	-0.885702	 \\
-0.0867928	 & 	-0.885702	 & 	257.008
\end{tabular}

\vtab
 EingenVectors - Molecule A     \\
\begin{tabular}{|c c c|}
-0.986829	 & 	-0.161759	 & 	-0.00158112	 \\
0.161767	 & 	-0.986784	 & 	-0.00941025	 \\
-3.80279e-05	 & 	-0.00954208	 & 	0.999954
\end{tabular}

\vtab
 EingenValues - Molecule A     \\
\begin{tabular}{|c c c|}
112.224	 & 	165.623	 & 	257.016	 \\
\end{tabular}
\columnbreak

Molecule B \
s-2-chlorobutane\_out\_G09

\includegraphics[width=6cm]{../Comparisons/ImagesFromVMD/s-2-chlorobutane_out_G09.png}

Inertia Tensor - Molecule B \\
\begin{tabular}{|c c c|}
113.621	 & 	8.52396	 & 	0.0868155	 \\
8.52396	 & 	164.235	 & 	-0.885715	 \\
0.0868155	 & 	-0.885715	 & 	257.008
\end{tabular}

\vtab
 EingenVectors - Molecule B     \\
\begin{tabular}{|c c c|}
-0.98683	 & 	0.161755	 & 	0.00158125	 \\
-0.161763	 & 	-0.986785	 & 	-0.00941041	 \\
3.81715e-05	 & 	-0.00954226	 & 	0.999954
\end{tabular}

\vtab
 EingenValues - Molecule B     \\
\begin{tabular}{|c c c|}
112.224	 & 	165.624	 & 	257.017	 \\
\end{tabular}

\end{center}
\end{multicols}

\vtab[-5mm]
\begin{tabular}{*{2}{m{0.38\textwidth}}}
\begin{center}
\textcolor{NavyBlue}{\Large Enantiomers}
\end{center}
&
\begin{center}
\includegraphics[height=6.5cm]{../Comparisons/Vectors/inertia_tensor_of_r-2-chlorobutane_rotated_out_G09_and_s-2-chlorobutane_out_G09.png}
\end{center}
\end{tabular}

 \newpage

\vtab[-3cm]
\begin{center}
{\large AsymmetricEnantiomers \tab Número 11}
\end{center}
\begin{multicols}{2}
\begin{center}

Molecule A \
r-2-chlorobutane\_rotated\_out\_G09

\includegraphics[width=6cm]{../Comparisons/ImagesFromVMD/r-2-chlorobutane_rotated_out_G09.png}

Inertia Tensor - Molecule A \\
\begin{tabular}{|c c c|}
113.621	 & 	-8.52391	 & 	-0.0867928	 \\
-8.52391	 & 	164.234	 & 	-0.885702	 \\
-0.0867928	 & 	-0.885702	 & 	257.008
\end{tabular}

\vtab
 EingenVectors - Molecule A     \\
\begin{tabular}{|c c c|}
-0.986829	 & 	-0.161759	 & 	-0.00158112	 \\
0.161767	 & 	-0.986784	 & 	-0.00941025	 \\
-3.80279e-05	 & 	-0.00954208	 & 	0.999954
\end{tabular}

\vtab
 EingenValues - Molecule A     \\
\begin{tabular}{|c c c|}
112.224	 & 	165.623	 & 	257.016	 \\
\end{tabular}
\columnbreak

Molecule B \
s-2-chlorobutane\_out\_G09\_inversion

\includegraphics[width=6cm]{../Comparisons/ImagesFromVMD/s-2-chlorobutane_out_G09_inversion.png}

Inertia Tensor - Molecule B \\
\begin{tabular}{|c c c|}
113.622	 & 	8.52398	 & 	0.0868204	 \\
8.52398	 & 	164.235	 & 	-0.88572	 \\
0.0868204	 & 	-0.88572	 & 	257.009
\end{tabular}

\vtab
 EingenVectors - Molecule B     \\
\begin{tabular}{|c c c|}
-0.986829	 & 	0.161757	 & 	0.0015813	 \\
-0.161765	 & 	-0.986785	 & 	-0.00941039	 \\
3.82053e-05	 & 	-0.00954225	 & 	0.999954
\end{tabular}

\vtab
 EingenValues - Molecule B     \\
\begin{tabular}{|c c c|}
112.224	 & 	165.624	 & 	257.018	 \\
\end{tabular}

\end{center}
\end{multicols}

\vtab[-5mm]
\begin{tabular}{*{2}{m{0.38\textwidth}}}
\begin{center}
\textcolor{NavyBlue}{\Large Equal}
\end{center}
&
\begin{center}
\includegraphics[height=6.5cm]{../Comparisons/Vectors/inertia_tensor_of_r-2-chlorobutane_rotated_out_G09_and_s-2-chlorobutane_out_G09_inversion.png}
\end{center}
\end{tabular}

 \newpage

\vtab[-3cm]
\begin{center}
{\large AsymmetricEnantiomers \tab Número 12}
\end{center}
\begin{multicols}{2}
\begin{center}

Molecule A \
r-2-chlorobutane\_rotated\_out\_G09

\includegraphics[width=6cm]{../Comparisons/ImagesFromVMD/r-2-chlorobutane_rotated_out_G09.png}

Inertia Tensor - Molecule A \\
\begin{tabular}{|c c c|}
113.621	 & 	-8.52391	 & 	-0.0867928	 \\
-8.52391	 & 	164.234	 & 	-0.885702	 \\
-0.0867928	 & 	-0.885702	 & 	257.008
\end{tabular}

\vtab
 EingenVectors - Molecule A     \\
\begin{tabular}{|c c c|}
-0.986829	 & 	-0.161759	 & 	-0.00158112	 \\
0.161767	 & 	-0.986784	 & 	-0.00941025	 \\
-3.80279e-05	 & 	-0.00954208	 & 	0.999954
\end{tabular}

\vtab
 EingenValues - Molecule A     \\
\begin{tabular}{|c c c|}
112.224	 & 	165.623	 & 	257.016	 \\
\end{tabular}
\columnbreak

Molecule B \
s-2-chlorobutane\_rotated\_out\_G09

\includegraphics[width=6cm]{../Comparisons/ImagesFromVMD/s-2-chlorobutane_rotated_out_G09.png}

Inertia Tensor - Molecule B \\
\begin{tabular}{|c c c|}
113.621	 & 	8.52397	 & 	0.0867992	 \\
8.52397	 & 	164.235	 & 	-0.885706	 \\
0.0867992	 & 	-0.885706	 & 	257.008
\end{tabular}

\vtab
 EingenVectors - Molecule B     \\
\begin{tabular}{|c c c|}
-0.98683	 & 	0.161756	 & 	0.00158113	 \\
-0.161763	 & 	-0.986785	 & 	-0.00941034	 \\
3.80628e-05	 & 	-0.00954217	 & 	0.999954
\end{tabular}

\vtab
 EingenValues - Molecule B     \\
\begin{tabular}{|c c c|}
112.224	 & 	165.624	 & 	257.017	 \\
\end{tabular}

\end{center}
\end{multicols}

\vtab[-5mm]
\begin{tabular}{*{2}{m{0.38\textwidth}}}
\begin{center}
\textcolor{NavyBlue}{\Large Enantiomers}
\end{center}
&
\begin{center}
\includegraphics[height=6.5cm]{../Comparisons/Vectors/inertia_tensor_of_r-2-chlorobutane_rotated_out_G09_and_s-2-chlorobutane_rotated_out_G09.png}
\end{center}
\end{tabular}

 \newpage

\vtab[-3cm]
\begin{center}
{\large AsymmetricEnantiomers \tab Número 13}
\end{center}
\begin{multicols}{2}
\begin{center}

Molecule A \
s-2-chlorobutane\_out\_G09

\includegraphics[width=6cm]{../Comparisons/ImagesFromVMD/s-2-chlorobutane_out_G09.png}

Inertia Tensor - Molecule A \\
\begin{tabular}{|c c c|}
113.621	 & 	8.52396	 & 	0.0868155	 \\
8.52396	 & 	164.235	 & 	-0.885715	 \\
0.0868155	 & 	-0.885715	 & 	257.008
\end{tabular}

\vtab
 EingenVectors - Molecule A     \\
\begin{tabular}{|c c c|}
-0.98683	 & 	0.161755	 & 	0.00158125	 \\
-0.161763	 & 	-0.986785	 & 	-0.00941041	 \\
3.81715e-05	 & 	-0.00954226	 & 	0.999954
\end{tabular}

\vtab
 EingenValues - Molecule A     \\
\begin{tabular}{|c c c|}
112.224	 & 	165.624	 & 	257.017	 \\
\end{tabular}
\columnbreak

Molecule B \
s-2-chlorobutane\_out\_G09\_inversion

\includegraphics[width=6cm]{../Comparisons/ImagesFromVMD/s-2-chlorobutane_out_G09_inversion.png}

Inertia Tensor - Molecule B \\
\begin{tabular}{|c c c|}
113.622	 & 	8.52398	 & 	0.0868204	 \\
8.52398	 & 	164.235	 & 	-0.88572	 \\
0.0868204	 & 	-0.88572	 & 	257.009
\end{tabular}

\vtab
 EingenVectors - Molecule B     \\
\begin{tabular}{|c c c|}
-0.986829	 & 	0.161757	 & 	0.0015813	 \\
-0.161765	 & 	-0.986785	 & 	-0.00941039	 \\
3.82053e-05	 & 	-0.00954225	 & 	0.999954
\end{tabular}

\vtab
 EingenValues - Molecule B     \\
\begin{tabular}{|c c c|}
112.224	 & 	165.624	 & 	257.018	 \\
\end{tabular}

\end{center}
\end{multicols}

\vtab[-5mm]
\begin{tabular}{*{2}{m{0.38\textwidth}}}
\begin{center}
\textcolor{NavyBlue}{\Large Enantiomers}
\end{center}
&
\begin{center}
\includegraphics[height=6.5cm]{../Comparisons/Vectors/inertia_tensor_of_s-2-chlorobutane_out_G09_and_s-2-chlorobutane_out_G09_inversion.png}
\end{center}
\end{tabular}

 \newpage

\vtab[-3cm]
\begin{center}
{\large AsymmetricEnantiomers \tab Número 14}
\end{center}
\begin{multicols}{2}
\begin{center}

Molecule A \
s-2-chlorobutane\_out\_G09

\includegraphics[width=6cm]{../Comparisons/ImagesFromVMD/s-2-chlorobutane_out_G09.png}

Inertia Tensor - Molecule A \\
\begin{tabular}{|c c c|}
113.621	 & 	8.52396	 & 	0.0868155	 \\
8.52396	 & 	164.235	 & 	-0.885715	 \\
0.0868155	 & 	-0.885715	 & 	257.008
\end{tabular}

\vtab
 EingenVectors - Molecule A     \\
\begin{tabular}{|c c c|}
-0.98683	 & 	0.161755	 & 	0.00158125	 \\
-0.161763	 & 	-0.986785	 & 	-0.00941041	 \\
3.81715e-05	 & 	-0.00954226	 & 	0.999954
\end{tabular}

\vtab
 EingenValues - Molecule A     \\
\begin{tabular}{|c c c|}
112.224	 & 	165.624	 & 	257.017	 \\
\end{tabular}
\columnbreak

Molecule B \
s-2-chlorobutane\_rotated\_out\_G09

\includegraphics[width=6cm]{../Comparisons/ImagesFromVMD/s-2-chlorobutane_rotated_out_G09.png}

Inertia Tensor - Molecule B \\
\begin{tabular}{|c c c|}
113.621	 & 	8.52397	 & 	0.0867992	 \\
8.52397	 & 	164.235	 & 	-0.885706	 \\
0.0867992	 & 	-0.885706	 & 	257.008
\end{tabular}

\vtab
 EingenVectors - Molecule B     \\
\begin{tabular}{|c c c|}
-0.98683	 & 	0.161756	 & 	0.00158113	 \\
-0.161763	 & 	-0.986785	 & 	-0.00941034	 \\
3.80628e-05	 & 	-0.00954217	 & 	0.999954
\end{tabular}

\vtab
 EingenValues - Molecule B     \\
\begin{tabular}{|c c c|}
112.224	 & 	165.624	 & 	257.017	 \\
\end{tabular}

\end{center}
\end{multicols}

\vtab[-5mm]
\begin{tabular}{*{2}{m{0.38\textwidth}}}
\begin{center}
\textcolor{NavyBlue}{\Large Equal}
\end{center}
&
\begin{center}
\includegraphics[height=6.5cm]{../Comparisons/Vectors/inertia_tensor_of_s-2-chlorobutane_out_G09_and_s-2-chlorobutane_rotated_out_G09.png}
\end{center}
\end{tabular}

 \newpage

\vtab[-3cm]
\begin{center}
{\large AsymmetricEnantiomers \tab Número 15}
\end{center}
\begin{multicols}{2}
\begin{center}

Molecule A \
s-2-chlorobutane\_out\_G09\_inversion

\includegraphics[width=6cm]{../Comparisons/ImagesFromVMD/s-2-chlorobutane_out_G09_inversion.png}

Inertia Tensor - Molecule A \\
\begin{tabular}{|c c c|}
113.622	 & 	8.52398	 & 	0.0868204	 \\
8.52398	 & 	164.235	 & 	-0.88572	 \\
0.0868204	 & 	-0.88572	 & 	257.009
\end{tabular}

\vtab
 EingenVectors - Molecule A     \\
\begin{tabular}{|c c c|}
-0.986829	 & 	0.161757	 & 	0.0015813	 \\
-0.161765	 & 	-0.986785	 & 	-0.00941039	 \\
3.82053e-05	 & 	-0.00954225	 & 	0.999954
\end{tabular}

\vtab
 EingenValues - Molecule A     \\
\begin{tabular}{|c c c|}
112.224	 & 	165.624	 & 	257.018	 \\
\end{tabular}
\columnbreak

Molecule B \
s-2-chlorobutane\_rotated\_out\_G09

\includegraphics[width=6cm]{../Comparisons/ImagesFromVMD/s-2-chlorobutane_rotated_out_G09.png}

Inertia Tensor - Molecule B \\
\begin{tabular}{|c c c|}
113.621	 & 	8.52397	 & 	0.0867992	 \\
8.52397	 & 	164.235	 & 	-0.885706	 \\
0.0867992	 & 	-0.885706	 & 	257.008
\end{tabular}

\vtab
 EingenVectors - Molecule B     \\
\begin{tabular}{|c c c|}
-0.98683	 & 	0.161756	 & 	0.00158113	 \\
-0.161763	 & 	-0.986785	 & 	-0.00941034	 \\
3.80628e-05	 & 	-0.00954217	 & 	0.999954
\end{tabular}

\vtab
 EingenValues - Molecule B     \\
\begin{tabular}{|c c c|}
112.224	 & 	165.624	 & 	257.017	 \\
\end{tabular}

\end{center}
\end{multicols}

\vtab[-5mm]
\begin{tabular}{*{2}{m{0.38\textwidth}}}
\begin{center}
\textcolor{NavyBlue}{\Large Enantiomers}
\end{center}
&
\begin{center}
\includegraphics[height=6.5cm]{../Comparisons/Vectors/inertia_tensor_of_s-2-chlorobutane_out_G09_inversion_and_s-2-chlorobutane_rotated_out_G09.png}
\end{center}
\end{tabular}

 \newpage

\vtab[-3cm]
\begin{center}
{\large ClustersCu \tab Número 16}
\end{center}
\begin{multicols}{2}
\begin{center}

Molecule A \
G\_08\_Cu

\includegraphics[width=6cm]{../Comparisons/ImagesFromVMD/G_08_Cu.png}

Inertia Tensor - Molecule A \\
\begin{tabular}{|c c c|}
1654.82	 & 	51.548	 & 	-216.332	 \\
51.548	 & 	1555.14	 & 	-242.791	 \\
-216.332	 & 	-242.791	 & 	1259.16
\end{tabular}

\vtab
 EingenVectors - Molecule A     \\
\begin{tabular}{|c c c|}
0.286837	 & 	0.406743	 & 	0.867343	 \\
0.655465	 & 	-0.743609	 & 	0.13195	 \\
0.698634	 & 	0.530665	 & 	-0.479901
\end{tabular}

\vtab
 EingenValues - Molecule A     \\
\begin{tabular}{|c c c|}
1073.76	 & 	1552.79	 & 	1842.57	 \\
\end{tabular}
\columnbreak

Molecule B \
G\_08\_Cu\_AFTER\_DFT

\includegraphics[width=6cm]{../Comparisons/ImagesFromVMD/G_08_Cu_AFTER_DFT.png}

Inertia Tensor - Molecule B \\
\begin{tabular}{|c c c|}
1597.81	 & 	73.7499	 & 	-186.12	 \\
73.7499	 & 	1509.17	 & 	-199.941	 \\
-186.12	 & 	-199.941	 & 	1250.28
\end{tabular}

\vtab
 EingenVectors - Molecule B     \\
\begin{tabular}{|c c c|}
0.274867	 & 	0.38536	 & 	0.880878	 \\
0.652168	 & 	-0.747915	 & 	0.123691	 \\
0.706488	 & 	0.540482	 & 	-0.456897
\end{tabular}

\vtab
 EingenValues - Molecule B     \\
\begin{tabular}{|c c c|}
1104.74	 & 	1477.93	 & 	1774.59	 \\
\end{tabular}

\end{center}
\end{multicols}

\vtab[-5mm]
\begin{tabular}{*{2}{m{0.38\textwidth}}}
\begin{center}
\textcolor{NavyBlue}{\Large Different}
\end{center}
&
\begin{center}
\includegraphics[height=6.5cm]{../Comparisons/Vectors/inertia_tensor_of_G_08_Cu_and_G_08_Cu_AFTER_DFT.png}
\end{center}
\end{tabular}

 \newpage

\vtab[-3cm]
\begin{center}
{\large ClustersCu \tab Número 17}
\end{center}
\begin{multicols}{2}
\begin{center}
Molecule A \\ 
G\_08\_Cu
\includegraphics[width=8cm]{../Comparisons/ImagesFromVMD/G_08_Cu.png}
\\
\vtab

\columnbreak
Molecule B \\ 
G\_09\_Cu
\includegraphics[width=8cm]{../Comparisons/ImagesFromVMD/G_09_Cu.png}
\\
\vtab


\end{center}
\end{multicols}
\begin{center}
\textcolor{NavyBlue}{\Large Different}
\end{center}

 \newpage

\vtab[-3cm]
\begin{center}
{\large ClustersCu \tab Número 18}
\end{center}
\begin{multicols}{2}
\begin{center}
Molecule A \\ 
G\_08\_Cu
\includegraphics[width=8cm]{../Comparisons/ImagesFromVMD/G_08_Cu.png}
\\
\vtab

\columnbreak
Molecule B \\ 
G\_09\_Cu\_AFTER\_DFT
\includegraphics[width=8cm]{../Comparisons/ImagesFromVMD/G_09_Cu_AFTER_DFT.png}
\\
\vtab


\end{center}
\end{multicols}
\begin{center}
\textcolor{NavyBlue}{\Large Different}
\end{center}

 \newpage

\vtab[-3cm]
\begin{center}
{\large ClustersCu \tab Número 19}
\end{center}
\begin{multicols}{2}
\begin{center}
Molecule A \\ 
G\_08\_Cu
\includegraphics[width=8cm]{../Comparisons/ImagesFromVMD/G_08_Cu.png}
\\
\vtab

\columnbreak
Molecule B \\ 
G\_10\_Cu
\includegraphics[width=8cm]{../Comparisons/ImagesFromVMD/G_10_Cu.png}
\\
\vtab


\end{center}
\end{multicols}
\begin{center}
\textcolor{NavyBlue}{\Large Different}
\end{center}

 \newpage

\vtab[-3cm]
\begin{center}
{\large ClustersCu \tab Número 20}
\end{center}
\begin{multicols}{2}
\begin{center}
Molecule A \\ 
G\_08\_Cu
\includegraphics[width=8cm]{../Comparisons/ImagesFromVMD/G_08_Cu.png}
\\
\vtab

\columnbreak
Molecule B \\ 
G\_11\_Cu
\includegraphics[width=8cm]{../Comparisons/ImagesFromVMD/G_11_Cu.png}
\\
\vtab


\end{center}
\end{multicols}
\begin{center}
\textcolor{NavyBlue}{\Large Different}
\end{center}

 \newpage

\vtab[-3cm]
\begin{center}
{\large ClustersCu \tab Número 21}
\end{center}
\begin{multicols}{2}
\begin{center}

Molecule A \
G\_08\_Cu

\includegraphics[width=6cm]{../Comparisons/ImagesFromVMD/G_08_Cu.png}

Inertia Tensor - Molecule A \\
\begin{tabular}{|c c c|}
1654.82	 & 	51.548	 & 	-216.332	 \\
51.548	 & 	1555.14	 & 	-242.791	 \\
-216.332	 & 	-242.791	 & 	1259.16
\end{tabular}

\vtab
 EingenVectors - Molecule A     \\
\begin{tabular}{|c c c|}
0.286837	 & 	0.406743	 & 	0.867343	 \\
0.655465	 & 	-0.743609	 & 	0.13195	 \\
0.698634	 & 	0.530665	 & 	-0.479901
\end{tabular}

\vtab
 EingenValues - Molecule A     \\
\begin{tabular}{|c c c|}
1073.76	 & 	1552.79	 & 	1842.57	 \\
\end{tabular}
\columnbreak

Molecule B \
SC\_08\_Cu

\includegraphics[width=6cm]{../Comparisons/ImagesFromVMD/SC_08_Cu.png}

Inertia Tensor - Molecule B \\
\begin{tabular}{|c c c|}
1331.27	 & 	0.00958178	 & 	0.0062677	 \\
0.00958178	 & 	1331.26	 & 	0.00713637	 \\
0.0062677	 & 	0.00713637	 & 	1331.28
\end{tabular}

\vtab
 EingenVectors - Molecule B     \\
\begin{tabular}{|c c c|}
-0.515886	 & 	0.847718	 & 	-0.123437	 \\
-0.684575	 & 	-0.321331	 & 	0.654296	 \\
0.514994	 & 	0.422044	 & 	0.746096
\end{tabular}

\vtab
 EingenValues - Molecule B     \\
\begin{tabular}{|c c c|}
1331.25	 & 	1331.27	 & 	1331.28	 \\
\end{tabular}

\end{center}
\end{multicols}

\vtab[-5mm]
\begin{tabular}{*{2}{m{0.38\textwidth}}}
\begin{center}
\textcolor{NavyBlue}{\Large Different}
\end{center}
&
\begin{center}
\includegraphics[height=6.5cm]{../Comparisons/Vectors/inertia_tensor_of_G_08_Cu_and_SC_08_Cu.png}
\end{center}
\end{tabular}

 \newpage

\vtab[-3cm]
\begin{center}
{\large ClustersCu \tab Número 22}
\end{center}
\begin{multicols}{2}
\begin{center}

Molecule A \
G\_08\_Cu

\includegraphics[width=6cm]{../Comparisons/ImagesFromVMD/G_08_Cu.png}

Inertia Tensor - Molecule A \\
\begin{tabular}{|c c c|}
1654.82	 & 	51.548	 & 	-216.332	 \\
51.548	 & 	1555.14	 & 	-242.791	 \\
-216.332	 & 	-242.791	 & 	1259.16
\end{tabular}

\vtab
 EingenVectors - Molecule A     \\
\begin{tabular}{|c c c|}
0.286837	 & 	0.406743	 & 	0.867343	 \\
0.655465	 & 	-0.743609	 & 	0.13195	 \\
0.698634	 & 	0.530665	 & 	-0.479901
\end{tabular}

\vtab
 EingenValues - Molecule A     \\
\begin{tabular}{|c c c|}
1073.76	 & 	1552.79	 & 	1842.57	 \\
\end{tabular}
\columnbreak

Molecule B \
SC\_08\_Cu\_AFTER\_DFT

\includegraphics[width=6cm]{../Comparisons/ImagesFromVMD/SC_08_Cu_AFTER_DFT.png}

Inertia Tensor - Molecule B \\
\begin{tabular}{|c c c|}
1394.63	 & 	1.12138	 & 	-5.89124	 \\
1.12138	 & 	1385.89	 & 	0.251188	 \\
-5.89124	 & 	0.251188	 & 	1398.86
\end{tabular}

\vtab
 EingenVectors - Molecule B     \\
\begin{tabular}{|c c c|}
0.189307	 & 	-0.97651	 & 	0.102909	 \\
0.794609	 & 	0.213922	 & 	0.568184	 \\
-0.576853	 & 	-0.0257885	 & 	0.816441
\end{tabular}

\vtab
 EingenValues - Molecule B     \\
\begin{tabular}{|c c c|}
1385.64	 & 	1390.72	 & 	1403.02	 \\
\end{tabular}

\end{center}
\end{multicols}

\vtab[-5mm]
\begin{tabular}{*{2}{m{0.38\textwidth}}}
\begin{center}
\textcolor{NavyBlue}{\Large Different}
\end{center}
&
\begin{center}
\includegraphics[height=6.5cm]{../Comparisons/Vectors/inertia_tensor_of_G_08_Cu_and_SC_08_Cu_AFTER_DFT.png}
\end{center}
\end{tabular}

 \newpage

\vtab[-3cm]
\begin{center}
{\large ClustersCu \tab Número 23}
\end{center}
\begin{multicols}{2}
\begin{center}
Molecule A \\ 
G\_08\_Cu
\includegraphics[width=8cm]{../Comparisons/ImagesFromVMD/G_08_Cu.png}
\\
\vtab

\columnbreak
Molecule B \\ 
SC\_09\_Cu
\includegraphics[width=8cm]{../Comparisons/ImagesFromVMD/SC_09_Cu.png}
\\
\vtab


\end{center}
\end{multicols}
\begin{center}
\textcolor{NavyBlue}{\Large Different}
\end{center}

 \newpage

\vtab[-3cm]
\begin{center}
{\large ClustersCu \tab Número 24}
\end{center}
\begin{multicols}{2}
\begin{center}
Molecule A \\ 
G\_08\_Cu
\includegraphics[width=8cm]{../Comparisons/ImagesFromVMD/G_08_Cu.png}
\\
\vtab

\columnbreak
Molecule B \\ 
SC\_09\_Cu\_AFTER\_DFT
\includegraphics[width=8cm]{../Comparisons/ImagesFromVMD/SC_09_Cu_AFTER_DFT.png}
\\
\vtab


\end{center}
\end{multicols}
\begin{center}
\textcolor{NavyBlue}{\Large Different}
\end{center}

 \newpage

\vtab[-3cm]
\begin{center}
{\large ClustersCu \tab Número 25}
\end{center}
\begin{multicols}{2}
\begin{center}

Molecule A \
G\_08\_Cu

\includegraphics[width=6cm]{../Comparisons/ImagesFromVMD/G_08_Cu.png}

Inertia Tensor - Molecule A \\
\begin{tabular}{|c c c|}
1654.82	 & 	51.548	 & 	-216.332	 \\
51.548	 & 	1555.14	 & 	-242.791	 \\
-216.332	 & 	-242.791	 & 	1259.16
\end{tabular}

\vtab
 EingenVectors - Molecule A     \\
\begin{tabular}{|c c c|}
0.286837	 & 	0.406743	 & 	0.867343	 \\
0.655465	 & 	-0.743609	 & 	0.13195	 \\
0.698634	 & 	0.530665	 & 	-0.479901
\end{tabular}

\vtab
 EingenValues - Molecule A     \\
\begin{tabular}{|c c c|}
1073.76	 & 	1552.79	 & 	1842.57	 \\
\end{tabular}
\columnbreak

Molecule B \
lj\_08\_Cu

\includegraphics[width=6cm]{../Comparisons/ImagesFromVMD/lj_08_Cu.png}

Inertia Tensor - Molecule B \\
\begin{tabular}{|c c c|}
1617.21	 & 	-91.1093	 & 	-437.808	 \\
-91.1093	 & 	1798.78	 & 	-179.618	 \\
-437.808	 & 	-179.618	 & 	957.828
\end{tabular}

\vtab
 EingenVectors - Molecule B     \\
\begin{tabular}{|c c c|}
0.43919	 & 	0.180681	 & 	0.880038	 \\
-0.601213	 & 	-0.668782	 & 	0.437348	 \\
-0.667574	 & 	0.721169	 & 	0.185095
\end{tabular}

\vtab
 EingenValues - Molecule B     \\
\begin{tabular}{|c c c|}
702.459	 & 	1834.34	 & 	1837.02	 \\
\end{tabular}

\end{center}
\end{multicols}

\vtab[-5mm]
\begin{tabular}{*{2}{m{0.38\textwidth}}}
\begin{center}
\textcolor{NavyBlue}{\Large Different}
\end{center}
&
\begin{center}
\includegraphics[height=6.5cm]{../Comparisons/Vectors/inertia_tensor_of_G_08_Cu_and_lj_08_Cu.png}
\end{center}
\end{tabular}

 \newpage

\vtab[-3cm]
\begin{center}
{\large ClustersCu \tab Número 26}
\end{center}
\begin{multicols}{2}
\begin{center}
Molecule A \\ 
G\_08\_Cu
\includegraphics[width=8cm]{../Comparisons/ImagesFromVMD/G_08_Cu.png}
\\
\vtab

\columnbreak
Molecule B \\ 
lj\_09\_Cu\_AFTER\_DFT
\includegraphics[width=8cm]{../Comparisons/ImagesFromVMD/lj_09_Cu_AFTER_DFT.png}
\\
\vtab


\end{center}
\end{multicols}
\begin{center}
\textcolor{NavyBlue}{\Large Different}
\end{center}

 \newpage

\vtab[-3cm]
\begin{center}
{\large ClustersCu \tab Número 27}
\end{center}
\begin{multicols}{2}
\begin{center}
Molecule A \\ 
G\_08\_Cu\_AFTER\_DFT
\includegraphics[width=8cm]{../Comparisons/ImagesFromVMD/G_08_Cu_AFTER_DFT.png}
\\
\vtab

\columnbreak
Molecule B \\ 
G\_09\_Cu
\includegraphics[width=8cm]{../Comparisons/ImagesFromVMD/G_09_Cu.png}
\\
\vtab


\end{center}
\end{multicols}
\begin{center}
\textcolor{NavyBlue}{\Large Different}
\end{center}

 \newpage

\vtab[-3cm]
\begin{center}
{\large ClustersCu \tab Número 28}
\end{center}
\begin{multicols}{2}
\begin{center}
Molecule A \\ 
G\_08\_Cu\_AFTER\_DFT
\includegraphics[width=8cm]{../Comparisons/ImagesFromVMD/G_08_Cu_AFTER_DFT.png}
\\
\vtab

\columnbreak
Molecule B \\ 
G\_09\_Cu\_AFTER\_DFT
\includegraphics[width=8cm]{../Comparisons/ImagesFromVMD/G_09_Cu_AFTER_DFT.png}
\\
\vtab


\end{center}
\end{multicols}
\begin{center}
\textcolor{NavyBlue}{\Large Different}
\end{center}

 \newpage

\vtab[-3cm]
\begin{center}
{\large ClustersCu \tab Número 29}
\end{center}
\begin{multicols}{2}
\begin{center}
Molecule A \\ 
G\_08\_Cu\_AFTER\_DFT
\includegraphics[width=8cm]{../Comparisons/ImagesFromVMD/G_08_Cu_AFTER_DFT.png}
\\
\vtab

\columnbreak
Molecule B \\ 
G\_10\_Cu
\includegraphics[width=8cm]{../Comparisons/ImagesFromVMD/G_10_Cu.png}
\\
\vtab


\end{center}
\end{multicols}
\begin{center}
\textcolor{NavyBlue}{\Large Different}
\end{center}

 \newpage

\vtab[-3cm]
\begin{center}
{\large ClustersCu \tab Número 30}
\end{center}
\begin{multicols}{2}
\begin{center}
Molecule A \\ 
G\_08\_Cu\_AFTER\_DFT
\includegraphics[width=8cm]{../Comparisons/ImagesFromVMD/G_08_Cu_AFTER_DFT.png}
\\
\vtab

\columnbreak
Molecule B \\ 
G\_11\_Cu
\includegraphics[width=8cm]{../Comparisons/ImagesFromVMD/G_11_Cu.png}
\\
\vtab


\end{center}
\end{multicols}
\begin{center}
\textcolor{NavyBlue}{\Large Different}
\end{center}

 \newpage

\vtab[-3cm]
\begin{center}
{\large ClustersCu \tab Número 31}
\end{center}
\begin{multicols}{2}
\begin{center}

Molecule A \
G\_08\_Cu\_AFTER\_DFT

\includegraphics[width=6cm]{../Comparisons/ImagesFromVMD/G_08_Cu_AFTER_DFT.png}

Inertia Tensor - Molecule A \\
\begin{tabular}{|c c c|}
1597.81	 & 	73.7499	 & 	-186.12	 \\
73.7499	 & 	1509.17	 & 	-199.941	 \\
-186.12	 & 	-199.941	 & 	1250.28
\end{tabular}

\vtab
 EingenVectors - Molecule A     \\
\begin{tabular}{|c c c|}
0.274867	 & 	0.38536	 & 	0.880878	 \\
0.652168	 & 	-0.747915	 & 	0.123691	 \\
0.706488	 & 	0.540482	 & 	-0.456897
\end{tabular}

\vtab
 EingenValues - Molecule A     \\
\begin{tabular}{|c c c|}
1104.74	 & 	1477.93	 & 	1774.59	 \\
\end{tabular}
\columnbreak

Molecule B \
SC\_08\_Cu

\includegraphics[width=6cm]{../Comparisons/ImagesFromVMD/SC_08_Cu.png}

Inertia Tensor - Molecule B \\
\begin{tabular}{|c c c|}
1331.27	 & 	0.00958178	 & 	0.0062677	 \\
0.00958178	 & 	1331.26	 & 	0.00713637	 \\
0.0062677	 & 	0.00713637	 & 	1331.28
\end{tabular}

\vtab
 EingenVectors - Molecule B     \\
\begin{tabular}{|c c c|}
-0.515886	 & 	0.847718	 & 	-0.123437	 \\
-0.684575	 & 	-0.321331	 & 	0.654296	 \\
0.514994	 & 	0.422044	 & 	0.746096
\end{tabular}

\vtab
 EingenValues - Molecule B     \\
\begin{tabular}{|c c c|}
1331.25	 & 	1331.27	 & 	1331.28	 \\
\end{tabular}

\end{center}
\end{multicols}

\vtab[-5mm]
\begin{tabular}{*{2}{m{0.38\textwidth}}}
\begin{center}
\textcolor{NavyBlue}{\Large Different}
\end{center}
&
\begin{center}
\includegraphics[height=6.5cm]{../Comparisons/Vectors/inertia_tensor_of_G_08_Cu_AFTER_DFT_and_SC_08_Cu.png}
\end{center}
\end{tabular}

 \newpage

\vtab[-3cm]
