% All results

\vtab[-2cm]
\begin{center}
{\large AsymmetricEnantiomers \tab Número 1}
\end{center}
\begin{multicols}{2}
\begin{center}

Molecule A \\ 
r-2-chlorobutane\_out\_G09
\includegraphics[width=8cm]{../Comparations/ImagesFromVMD/r-2-chlorobutane_out_G09.png}
\\
Inertia Tensor - Molecule A \\
\vtab

\begin{tabular}{|c c c|}
113.621	 & 	-8.52391	 & 	-0.0867925	 \\
-8.52391	 & 	164.234	 & 	-0.885702	 \\
-0.0867925	 & 	-0.885702	 & 	257.008
\end{tabular}

\vtab
 EingenVectors - Molecule A     \\
\vtab
\begin{tabular}{|c c c|}
-0.986829	 & 	-0.161759	 & 	-0.00158111	 \\
0.161767	 & 	-0.986784	 & 	-0.00941026	 \\
-3.80259e-05	 & 	-0.00954208	 & 	0.999954
\end{tabular}

\vtab
 EingenValues - Molecule A     \\
\vtab
\begin{tabular}{|c c c|}
112.224	 & 	165.623	 & 	257.016	 \\
\end{tabular}
\columnbreak

Molecule B \\ 
r-2-chlorobutane\_out\_G09\_inversion
\includegraphics[width=8cm]{../Comparations/ImagesFromVMD/r-2-chlorobutane_out_G09_inversion.png}
\\
Inertia Tensor - Molecule B \\
\vtab

\begin{tabular}{|c c c|}
113.621	 & 	-8.52381	 & 	-0.0867846	 \\
-8.52381	 & 	164.234	 & 	-0.885691	 \\
-0.0867846	 & 	-0.885691	 & 	257.008
\end{tabular}

\vtab
 EingenVectors - Molecule B     \\
\vtab
\begin{tabular}{|c c c|}
-0.986829	 & 	-0.161756	 & 	-0.00158103	 \\
0.161764	 & 	-0.986785	 & 	-0.00941017	 \\
-3.79835e-05	 & 	-0.00954198	 & 	0.999954
\end{tabular}

\vtab
 EingenValues - Molecule B     \\
\vtab
\begin{tabular}{|c c c|}
112.224	 & 	165.623	 & 	257.016	 \\
\end{tabular}

\end{center}
\end{multicols}
\begin{center}
\vtab
\vtab
\textcolor{NavyBlue}{\Large Enantiomers}
\end{center}

 \newpage

\vtab[-2cm]
\begin{center}
{\large AsymmetricEnantiomers \tab Número 2}
\end{center}
\begin{multicols}{2}
\begin{center}

Molecule A \\ 
r-2-chlorobutane\_out\_G09
\includegraphics[width=8cm]{../Comparations/ImagesFromVMD/r-2-chlorobutane_out_G09.png}
\\
Inertia Tensor - Molecule A \\
\vtab

\begin{tabular}{|c c c|}
113.621	 & 	-8.52391	 & 	-0.0867925	 \\
-8.52391	 & 	164.234	 & 	-0.885702	 \\
-0.0867925	 & 	-0.885702	 & 	257.008
\end{tabular}

\vtab
 EingenVectors - Molecule A     \\
\vtab
\begin{tabular}{|c c c|}
-0.986829	 & 	-0.161759	 & 	-0.00158111	 \\
0.161767	 & 	-0.986784	 & 	-0.00941026	 \\
-3.80259e-05	 & 	-0.00954208	 & 	0.999954
\end{tabular}

\vtab
 EingenValues - Molecule A     \\
\vtab
\begin{tabular}{|c c c|}
112.224	 & 	165.623	 & 	257.016	 \\
\end{tabular}
\columnbreak

Molecule B \\ 
r-2-chlorobutane\_rotated\_out\_G09
\includegraphics[width=8cm]{../Comparations/ImagesFromVMD/r-2-chlorobutane_rotated_out_G09.png}
\\
Inertia Tensor - Molecule B \\
\vtab

\begin{tabular}{|c c c|}
113.621	 & 	-8.52391	 & 	-0.0867928	 \\
-8.52391	 & 	164.234	 & 	-0.885702	 \\
-0.0867928	 & 	-0.885702	 & 	257.008
\end{tabular}

\vtab
 EingenVectors - Molecule B     \\
\vtab
\begin{tabular}{|c c c|}
-0.986829	 & 	-0.161759	 & 	-0.00158112	 \\
0.161767	 & 	-0.986784	 & 	-0.00941025	 \\
-3.80279e-05	 & 	-0.00954208	 & 	0.999954
\end{tabular}

\vtab
 EingenValues - Molecule B     \\
\vtab
\begin{tabular}{|c c c|}
112.224	 & 	165.623	 & 	257.016	 \\
\end{tabular}

\end{center}
\end{multicols}
\begin{center}
\vtab
\vtab
\textcolor{NavyBlue}{\Large Equal}
\end{center}

 \newpage

\vtab[-2cm]
\begin{center}
{\large AsymmetricEnantiomers \tab Número 3}
\end{center}
\begin{multicols}{2}
\begin{center}

Molecule A \\ 
r-2-chlorobutane\_out\_G09
\includegraphics[width=8cm]{../Comparations/ImagesFromVMD/r-2-chlorobutane_out_G09.png}
\\
Inertia Tensor - Molecule A \\
\vtab

\begin{tabular}{|c c c|}
113.621	 & 	-8.52391	 & 	-0.0867925	 \\
-8.52391	 & 	164.234	 & 	-0.885702	 \\
-0.0867925	 & 	-0.885702	 & 	257.008
\end{tabular}

\vtab
 EingenVectors - Molecule A     \\
\vtab
\begin{tabular}{|c c c|}
-0.986829	 & 	-0.161759	 & 	-0.00158111	 \\
0.161767	 & 	-0.986784	 & 	-0.00941026	 \\
-3.80259e-05	 & 	-0.00954208	 & 	0.999954
\end{tabular}

\vtab
 EingenValues - Molecule A     \\
\vtab
\begin{tabular}{|c c c|}
112.224	 & 	165.623	 & 	257.016	 \\
\end{tabular}
\columnbreak

Molecule B \\ 
s-2-chlorobutane\_out\_G09
\includegraphics[width=8cm]{../Comparations/ImagesFromVMD/s-2-chlorobutane_out_G09.png}
\\
Inertia Tensor - Molecule B \\
\vtab

\begin{tabular}{|c c c|}
113.621	 & 	8.52396	 & 	0.0868155	 \\
8.52396	 & 	164.235	 & 	-0.885715	 \\
0.0868155	 & 	-0.885715	 & 	257.008
\end{tabular}

\vtab
 EingenVectors - Molecule B     \\
\vtab
\begin{tabular}{|c c c|}
-0.98683	 & 	0.161755	 & 	0.00158125	 \\
-0.161763	 & 	-0.986785	 & 	-0.00941041	 \\
3.81715e-05	 & 	-0.00954226	 & 	0.999954
\end{tabular}

\vtab
 EingenValues - Molecule B     \\
\vtab
\begin{tabular}{|c c c|}
112.224	 & 	165.624	 & 	257.017	 \\
\end{tabular}

\end{center}
\end{multicols}
\begin{center}
\vtab
\vtab
\textcolor{NavyBlue}{\Large Enantiomers}
\end{center}

 \newpage

\vtab[-2cm]
\begin{center}
{\large AsymmetricEnantiomers \tab Número 4}
\end{center}
\begin{multicols}{2}
\begin{center}

Molecule A \\ 
r-2-chlorobutane\_out\_G09
\includegraphics[width=8cm]{../Comparations/ImagesFromVMD/r-2-chlorobutane_out_G09.png}
\\
Inertia Tensor - Molecule A \\
\vtab

\begin{tabular}{|c c c|}
113.621	 & 	-8.52391	 & 	-0.0867925	 \\
-8.52391	 & 	164.234	 & 	-0.885702	 \\
-0.0867925	 & 	-0.885702	 & 	257.008
\end{tabular}

\vtab
 EingenVectors - Molecule A     \\
\vtab
\begin{tabular}{|c c c|}
-0.986829	 & 	-0.161759	 & 	-0.00158111	 \\
0.161767	 & 	-0.986784	 & 	-0.00941026	 \\
-3.80259e-05	 & 	-0.00954208	 & 	0.999954
\end{tabular}

\vtab
 EingenValues - Molecule A     \\
\vtab
\begin{tabular}{|c c c|}
112.224	 & 	165.623	 & 	257.016	 \\
\end{tabular}
\columnbreak

Molecule B \\ 
s-2-chlorobutane\_out\_G09\_inversion
\includegraphics[width=8cm]{../Comparations/ImagesFromVMD/s-2-chlorobutane_out_G09_inversion.png}
\\
Inertia Tensor - Molecule B \\
\vtab

\begin{tabular}{|c c c|}
113.622	 & 	8.52398	 & 	0.0868204	 \\
8.52398	 & 	164.235	 & 	-0.88572	 \\
0.0868204	 & 	-0.88572	 & 	257.009
\end{tabular}

\vtab
 EingenVectors - Molecule B     \\
\vtab
\begin{tabular}{|c c c|}
-0.986829	 & 	0.161757	 & 	0.0015813	 \\
-0.161765	 & 	-0.986785	 & 	-0.00941039	 \\
3.82053e-05	 & 	-0.00954225	 & 	0.999954
\end{tabular}

\vtab
 EingenValues - Molecule B     \\
\vtab
\begin{tabular}{|c c c|}
112.224	 & 	165.624	 & 	257.018	 \\
\end{tabular}

\end{center}
\end{multicols}
\begin{center}
\vtab
\vtab
\textcolor{NavyBlue}{\Large Equal}
\end{center}

 \newpage

\vtab[-2cm]
\begin{center}
{\large AsymmetricEnantiomers \tab Número 5}
\end{center}
\begin{multicols}{2}
\begin{center}

Molecule A \\ 
r-2-chlorobutane\_out\_G09
\includegraphics[width=8cm]{../Comparations/ImagesFromVMD/r-2-chlorobutane_out_G09.png}
\\
Inertia Tensor - Molecule A \\
\vtab

\begin{tabular}{|c c c|}
113.621	 & 	-8.52391	 & 	-0.0867925	 \\
-8.52391	 & 	164.234	 & 	-0.885702	 \\
-0.0867925	 & 	-0.885702	 & 	257.008
\end{tabular}

\vtab
 EingenVectors - Molecule A     \\
\vtab
\begin{tabular}{|c c c|}
-0.986829	 & 	-0.161759	 & 	-0.00158111	 \\
0.161767	 & 	-0.986784	 & 	-0.00941026	 \\
-3.80259e-05	 & 	-0.00954208	 & 	0.999954
\end{tabular}

\vtab
 EingenValues - Molecule A     \\
\vtab
\begin{tabular}{|c c c|}
112.224	 & 	165.623	 & 	257.016	 \\
\end{tabular}
\columnbreak

Molecule B \\ 
s-2-chlorobutane\_rotated\_out\_G09
\includegraphics[width=8cm]{../Comparations/ImagesFromVMD/s-2-chlorobutane_rotated_out_G09.png}
\\
Inertia Tensor - Molecule B \\
\vtab

\begin{tabular}{|c c c|}
113.621	 & 	8.52397	 & 	0.0867992	 \\
8.52397	 & 	164.235	 & 	-0.885706	 \\
0.0867992	 & 	-0.885706	 & 	257.008
\end{tabular}

\vtab
 EingenVectors - Molecule B     \\
\vtab
\begin{tabular}{|c c c|}
-0.98683	 & 	0.161756	 & 	0.00158113	 \\
-0.161763	 & 	-0.986785	 & 	-0.00941034	 \\
3.80628e-05	 & 	-0.00954217	 & 	0.999954
\end{tabular}

\vtab
 EingenValues - Molecule B     \\
\vtab
\begin{tabular}{|c c c|}
112.224	 & 	165.624	 & 	257.017	 \\
\end{tabular}

\end{center}
\end{multicols}
\begin{center}
\vtab
\vtab
\textcolor{NavyBlue}{\Large Enantiomers}
\end{center}

 \newpage

\vtab[-2cm]
\begin{center}
{\large AsymmetricEnantiomers \tab Número 6}
\end{center}
\begin{multicols}{2}
\begin{center}

Molecule A \\ 
r-2-chlorobutane\_out\_G09\_inversion
\includegraphics[width=8cm]{../Comparations/ImagesFromVMD/r-2-chlorobutane_out_G09_inversion.png}
\\
Inertia Tensor - Molecule A \\
\vtab

\begin{tabular}{|c c c|}
113.621	 & 	-8.52381	 & 	-0.0867846	 \\
-8.52381	 & 	164.234	 & 	-0.885691	 \\
-0.0867846	 & 	-0.885691	 & 	257.008
\end{tabular}

\vtab
 EingenVectors - Molecule A     \\
\vtab
\begin{tabular}{|c c c|}
-0.986829	 & 	-0.161756	 & 	-0.00158103	 \\
0.161764	 & 	-0.986785	 & 	-0.00941017	 \\
-3.79835e-05	 & 	-0.00954198	 & 	0.999954
\end{tabular}

\vtab
 EingenValues - Molecule A     \\
\vtab
\begin{tabular}{|c c c|}
112.224	 & 	165.623	 & 	257.016	 \\
\end{tabular}
\columnbreak

Molecule B \\ 
r-2-chlorobutane\_rotated\_out\_G09
\includegraphics[width=8cm]{../Comparations/ImagesFromVMD/r-2-chlorobutane_rotated_out_G09.png}
\\
Inertia Tensor - Molecule B \\
\vtab

\begin{tabular}{|c c c|}
113.621	 & 	-8.52391	 & 	-0.0867928	 \\
-8.52391	 & 	164.234	 & 	-0.885702	 \\
-0.0867928	 & 	-0.885702	 & 	257.008
\end{tabular}

\vtab
 EingenVectors - Molecule B     \\
\vtab
\begin{tabular}{|c c c|}
-0.986829	 & 	-0.161759	 & 	-0.00158112	 \\
0.161767	 & 	-0.986784	 & 	-0.00941025	 \\
-3.80279e-05	 & 	-0.00954208	 & 	0.999954
\end{tabular}

\vtab
 EingenValues - Molecule B     \\
\vtab
\begin{tabular}{|c c c|}
112.224	 & 	165.623	 & 	257.016	 \\
\end{tabular}

\end{center}
\end{multicols}
\begin{center}
\vtab
\vtab
\textcolor{NavyBlue}{\Large Enantiomers}
\end{center}

 \newpage

\vtab[-2cm]
\begin{center}
{\large AsymmetricEnantiomers \tab Número 7}
\end{center}
\begin{multicols}{2}
\begin{center}

Molecule A \\ 
r-2-chlorobutane\_out\_G09\_inversion
\includegraphics[width=8cm]{../Comparations/ImagesFromVMD/r-2-chlorobutane_out_G09_inversion.png}
\\
Inertia Tensor - Molecule A \\
\vtab

\begin{tabular}{|c c c|}
113.621	 & 	-8.52381	 & 	-0.0867846	 \\
-8.52381	 & 	164.234	 & 	-0.885691	 \\
-0.0867846	 & 	-0.885691	 & 	257.008
\end{tabular}

\vtab
 EingenVectors - Molecule A     \\
\vtab
\begin{tabular}{|c c c|}
-0.986829	 & 	-0.161756	 & 	-0.00158103	 \\
0.161764	 & 	-0.986785	 & 	-0.00941017	 \\
-3.79835e-05	 & 	-0.00954198	 & 	0.999954
\end{tabular}

\vtab
 EingenValues - Molecule A     \\
\vtab
\begin{tabular}{|c c c|}
112.224	 & 	165.623	 & 	257.016	 \\
\end{tabular}
\columnbreak

Molecule B \\ 
s-2-chlorobutane\_out\_G09
\includegraphics[width=8cm]{../Comparations/ImagesFromVMD/s-2-chlorobutane_out_G09.png}
\\
Inertia Tensor - Molecule B \\
\vtab

\begin{tabular}{|c c c|}
113.621	 & 	8.52396	 & 	0.0868155	 \\
8.52396	 & 	164.235	 & 	-0.885715	 \\
0.0868155	 & 	-0.885715	 & 	257.008
\end{tabular}

\vtab
 EingenVectors - Molecule B     \\
\vtab
\begin{tabular}{|c c c|}
-0.98683	 & 	0.161755	 & 	0.00158125	 \\
-0.161763	 & 	-0.986785	 & 	-0.00941041	 \\
3.81715e-05	 & 	-0.00954226	 & 	0.999954
\end{tabular}

\vtab
 EingenValues - Molecule B     \\
\vtab
\begin{tabular}{|c c c|}
112.224	 & 	165.624	 & 	257.017	 \\
\end{tabular}

\end{center}
\end{multicols}
\begin{center}
\vtab
\vtab
\textcolor{NavyBlue}{\Large Equal}
\end{center}

 \newpage

\vtab[-2cm]
\begin{center}
{\large AsymmetricEnantiomers \tab Número 8}
\end{center}
\begin{multicols}{2}
\begin{center}

Molecule A \\ 
r-2-chlorobutane\_out\_G09\_inversion
\includegraphics[width=8cm]{../Comparations/ImagesFromVMD/r-2-chlorobutane_out_G09_inversion.png}
\\
Inertia Tensor - Molecule A \\
\vtab

\begin{tabular}{|c c c|}
113.621	 & 	-8.52381	 & 	-0.0867846	 \\
-8.52381	 & 	164.234	 & 	-0.885691	 \\
-0.0867846	 & 	-0.885691	 & 	257.008
\end{tabular}

\vtab
 EingenVectors - Molecule A     \\
\vtab
\begin{tabular}{|c c c|}
-0.986829	 & 	-0.161756	 & 	-0.00158103	 \\
0.161764	 & 	-0.986785	 & 	-0.00941017	 \\
-3.79835e-05	 & 	-0.00954198	 & 	0.999954
\end{tabular}

\vtab
 EingenValues - Molecule A     \\
\vtab
\begin{tabular}{|c c c|}
112.224	 & 	165.623	 & 	257.016	 \\
\end{tabular}
\columnbreak

Molecule B \\ 
s-2-chlorobutane\_out\_G09\_inversion
\includegraphics[width=8cm]{../Comparations/ImagesFromVMD/s-2-chlorobutane_out_G09_inversion.png}
\\
Inertia Tensor - Molecule B \\
\vtab

\begin{tabular}{|c c c|}
113.622	 & 	8.52398	 & 	0.0868204	 \\
8.52398	 & 	164.235	 & 	-0.88572	 \\
0.0868204	 & 	-0.88572	 & 	257.009
\end{tabular}

\vtab
 EingenVectors - Molecule B     \\
\vtab
\begin{tabular}{|c c c|}
-0.986829	 & 	0.161757	 & 	0.0015813	 \\
-0.161765	 & 	-0.986785	 & 	-0.00941039	 \\
3.82053e-05	 & 	-0.00954225	 & 	0.999954
\end{tabular}

\vtab
 EingenValues - Molecule B     \\
\vtab
\begin{tabular}{|c c c|}
112.224	 & 	165.624	 & 	257.018	 \\
\end{tabular}

\end{center}
\end{multicols}
\begin{center}
\vtab
\vtab
\textcolor{NavyBlue}{\Large Enantiomers}
\end{center}

 \newpage

\vtab[-2cm]
\begin{center}
{\large AsymmetricEnantiomers \tab Número 9}
\end{center}
\begin{multicols}{2}
\begin{center}

Molecule A \\ 
r-2-chlorobutane\_out\_G09\_inversion
\includegraphics[width=8cm]{../Comparations/ImagesFromVMD/r-2-chlorobutane_out_G09_inversion.png}
\\
Inertia Tensor - Molecule A \\
\vtab

\begin{tabular}{|c c c|}
113.621	 & 	-8.52381	 & 	-0.0867846	 \\
-8.52381	 & 	164.234	 & 	-0.885691	 \\
-0.0867846	 & 	-0.885691	 & 	257.008
\end{tabular}

\vtab
 EingenVectors - Molecule A     \\
\vtab
\begin{tabular}{|c c c|}
-0.986829	 & 	-0.161756	 & 	-0.00158103	 \\
0.161764	 & 	-0.986785	 & 	-0.00941017	 \\
-3.79835e-05	 & 	-0.00954198	 & 	0.999954
\end{tabular}

\vtab
 EingenValues - Molecule A     \\
\vtab
\begin{tabular}{|c c c|}
112.224	 & 	165.623	 & 	257.016	 \\
\end{tabular}
\columnbreak

Molecule B \\ 
s-2-chlorobutane\_rotated\_out\_G09
\includegraphics[width=8cm]{../Comparations/ImagesFromVMD/s-2-chlorobutane_rotated_out_G09.png}
\\
Inertia Tensor - Molecule B \\
\vtab

\begin{tabular}{|c c c|}
113.621	 & 	8.52397	 & 	0.0867992	 \\
8.52397	 & 	164.235	 & 	-0.885706	 \\
0.0867992	 & 	-0.885706	 & 	257.008
\end{tabular}

\vtab
 EingenVectors - Molecule B     \\
\vtab
\begin{tabular}{|c c c|}
-0.98683	 & 	0.161756	 & 	0.00158113	 \\
-0.161763	 & 	-0.986785	 & 	-0.00941034	 \\
3.80628e-05	 & 	-0.00954217	 & 	0.999954
\end{tabular}

\vtab
 EingenValues - Molecule B     \\
\vtab
\begin{tabular}{|c c c|}
112.224	 & 	165.624	 & 	257.017	 \\
\end{tabular}

\end{center}
\end{multicols}
\begin{center}
\vtab
\vtab
\textcolor{NavyBlue}{\Large Equal}
\end{center}

 \newpage

\vtab[-2cm]
\begin{center}
{\large AsymmetricEnantiomers \tab Número 10}
\end{center}
\begin{multicols}{2}
\begin{center}

Molecule A \\ 
r-2-chlorobutane\_rotated\_out\_G09
\includegraphics[width=8cm]{../Comparations/ImagesFromVMD/r-2-chlorobutane_rotated_out_G09.png}
\\
Inertia Tensor - Molecule A \\
\vtab

\begin{tabular}{|c c c|}
113.621	 & 	-8.52391	 & 	-0.0867928	 \\
-8.52391	 & 	164.234	 & 	-0.885702	 \\
-0.0867928	 & 	-0.885702	 & 	257.008
\end{tabular}

\vtab
 EingenVectors - Molecule A     \\
\vtab
\begin{tabular}{|c c c|}
-0.986829	 & 	-0.161759	 & 	-0.00158112	 \\
0.161767	 & 	-0.986784	 & 	-0.00941025	 \\
-3.80279e-05	 & 	-0.00954208	 & 	0.999954
\end{tabular}

\vtab
 EingenValues - Molecule A     \\
\vtab
\begin{tabular}{|c c c|}
112.224	 & 	165.623	 & 	257.016	 \\
\end{tabular}
\columnbreak

Molecule B \\ 
s-2-chlorobutane\_out\_G09
\includegraphics[width=8cm]{../Comparations/ImagesFromVMD/s-2-chlorobutane_out_G09.png}
\\
Inertia Tensor - Molecule B \\
\vtab

\begin{tabular}{|c c c|}
113.621	 & 	8.52396	 & 	0.0868155	 \\
8.52396	 & 	164.235	 & 	-0.885715	 \\
0.0868155	 & 	-0.885715	 & 	257.008
\end{tabular}

\vtab
 EingenVectors - Molecule B     \\
\vtab
\begin{tabular}{|c c c|}
-0.98683	 & 	0.161755	 & 	0.00158125	 \\
-0.161763	 & 	-0.986785	 & 	-0.00941041	 \\
3.81715e-05	 & 	-0.00954226	 & 	0.999954
\end{tabular}

\vtab
 EingenValues - Molecule B     \\
\vtab
\begin{tabular}{|c c c|}
112.224	 & 	165.624	 & 	257.017	 \\
\end{tabular}

\end{center}
\end{multicols}
\begin{center}
\vtab
\vtab
\textcolor{NavyBlue}{\Large Enantiomers}
\end{center}

 \newpage

\vtab[-2cm]
\begin{center}
{\large AsymmetricEnantiomers \tab Número 11}
\end{center}
\begin{multicols}{2}
\begin{center}

Molecule A \\ 
r-2-chlorobutane\_rotated\_out\_G09
\includegraphics[width=8cm]{../Comparations/ImagesFromVMD/r-2-chlorobutane_rotated_out_G09.png}
\\
Inertia Tensor - Molecule A \\
\vtab

\begin{tabular}{|c c c|}
113.621	 & 	-8.52391	 & 	-0.0867928	 \\
-8.52391	 & 	164.234	 & 	-0.885702	 \\
-0.0867928	 & 	-0.885702	 & 	257.008
\end{tabular}

\vtab
 EingenVectors - Molecule A     \\
\vtab
\begin{tabular}{|c c c|}
-0.986829	 & 	-0.161759	 & 	-0.00158112	 \\
0.161767	 & 	-0.986784	 & 	-0.00941025	 \\
-3.80279e-05	 & 	-0.00954208	 & 	0.999954
\end{tabular}

\vtab
 EingenValues - Molecule A     \\
\vtab
\begin{tabular}{|c c c|}
112.224	 & 	165.623	 & 	257.016	 \\
\end{tabular}
\columnbreak

Molecule B \\ 
s-2-chlorobutane\_out\_G09\_inversion
\includegraphics[width=8cm]{../Comparations/ImagesFromVMD/s-2-chlorobutane_out_G09_inversion.png}
\\
Inertia Tensor - Molecule B \\
\vtab

\begin{tabular}{|c c c|}
113.622	 & 	8.52398	 & 	0.0868204	 \\
8.52398	 & 	164.235	 & 	-0.88572	 \\
0.0868204	 & 	-0.88572	 & 	257.009
\end{tabular}

\vtab
 EingenVectors - Molecule B     \\
\vtab
\begin{tabular}{|c c c|}
-0.986829	 & 	0.161757	 & 	0.0015813	 \\
-0.161765	 & 	-0.986785	 & 	-0.00941039	 \\
3.82053e-05	 & 	-0.00954225	 & 	0.999954
\end{tabular}

\vtab
 EingenValues - Molecule B     \\
\vtab
\begin{tabular}{|c c c|}
112.224	 & 	165.624	 & 	257.018	 \\
\end{tabular}

\end{center}
\end{multicols}
\begin{center}
\vtab
\vtab
\textcolor{NavyBlue}{\Large Equal}
\end{center}

 \newpage

\vtab[-2cm]
\begin{center}
{\large AsymmetricEnantiomers \tab Número 12}
\end{center}
\begin{multicols}{2}
\begin{center}

Molecule A \\ 
r-2-chlorobutane\_rotated\_out\_G09
\includegraphics[width=8cm]{../Comparations/ImagesFromVMD/r-2-chlorobutane_rotated_out_G09.png}
\\
Inertia Tensor - Molecule A \\
\vtab

\begin{tabular}{|c c c|}
113.621	 & 	-8.52391	 & 	-0.0867928	 \\
-8.52391	 & 	164.234	 & 	-0.885702	 \\
-0.0867928	 & 	-0.885702	 & 	257.008
\end{tabular}

\vtab
 EingenVectors - Molecule A     \\
\vtab
\begin{tabular}{|c c c|}
-0.986829	 & 	-0.161759	 & 	-0.00158112	 \\
0.161767	 & 	-0.986784	 & 	-0.00941025	 \\
-3.80279e-05	 & 	-0.00954208	 & 	0.999954
\end{tabular}

\vtab
 EingenValues - Molecule A     \\
\vtab
\begin{tabular}{|c c c|}
112.224	 & 	165.623	 & 	257.016	 \\
\end{tabular}
\columnbreak

Molecule B \\ 
s-2-chlorobutane\_rotated\_out\_G09
\includegraphics[width=8cm]{../Comparations/ImagesFromVMD/s-2-chlorobutane_rotated_out_G09.png}
\\
Inertia Tensor - Molecule B \\
\vtab

\begin{tabular}{|c c c|}
113.621	 & 	8.52397	 & 	0.0867992	 \\
8.52397	 & 	164.235	 & 	-0.885706	 \\
0.0867992	 & 	-0.885706	 & 	257.008
\end{tabular}

\vtab
 EingenVectors - Molecule B     \\
\vtab
\begin{tabular}{|c c c|}
-0.98683	 & 	0.161756	 & 	0.00158113	 \\
-0.161763	 & 	-0.986785	 & 	-0.00941034	 \\
3.80628e-05	 & 	-0.00954217	 & 	0.999954
\end{tabular}

\vtab
 EingenValues - Molecule B     \\
\vtab
\begin{tabular}{|c c c|}
112.224	 & 	165.624	 & 	257.017	 \\
\end{tabular}

\end{center}
\end{multicols}
\begin{center}
\vtab
\vtab
\textcolor{NavyBlue}{\Large Enantiomers}
\end{center}

 \newpage

\vtab[-2cm]
\begin{center}
{\large AsymmetricEnantiomers \tab Número 13}
\end{center}
\begin{multicols}{2}
\begin{center}

Molecule A \\ 
s-2-chlorobutane\_out\_G09
\includegraphics[width=8cm]{../Comparations/ImagesFromVMD/s-2-chlorobutane_out_G09.png}
\\
Inertia Tensor - Molecule A \\
\vtab

\begin{tabular}{|c c c|}
113.621	 & 	8.52396	 & 	0.0868155	 \\
8.52396	 & 	164.235	 & 	-0.885715	 \\
0.0868155	 & 	-0.885715	 & 	257.008
\end{tabular}

\vtab
 EingenVectors - Molecule A     \\
\vtab
\begin{tabular}{|c c c|}
-0.98683	 & 	0.161755	 & 	0.00158125	 \\
-0.161763	 & 	-0.986785	 & 	-0.00941041	 \\
3.81715e-05	 & 	-0.00954226	 & 	0.999954
\end{tabular}

\vtab
 EingenValues - Molecule A     \\
\vtab
\begin{tabular}{|c c c|}
112.224	 & 	165.624	 & 	257.017	 \\
\end{tabular}
\columnbreak

Molecule B \\ 
s-2-chlorobutane\_out\_G09\_inversion
\includegraphics[width=8cm]{../Comparations/ImagesFromVMD/s-2-chlorobutane_out_G09_inversion.png}
\\
Inertia Tensor - Molecule B \\
\vtab

\begin{tabular}{|c c c|}
113.622	 & 	8.52398	 & 	0.0868204	 \\
8.52398	 & 	164.235	 & 	-0.88572	 \\
0.0868204	 & 	-0.88572	 & 	257.009
\end{tabular}

\vtab
 EingenVectors - Molecule B     \\
\vtab
\begin{tabular}{|c c c|}
-0.986829	 & 	0.161757	 & 	0.0015813	 \\
-0.161765	 & 	-0.986785	 & 	-0.00941039	 \\
3.82053e-05	 & 	-0.00954225	 & 	0.999954
\end{tabular}

\vtab
 EingenValues - Molecule B     \\
\vtab
\begin{tabular}{|c c c|}
112.224	 & 	165.624	 & 	257.018	 \\
\end{tabular}

\end{center}
\end{multicols}
\begin{center}
\vtab
\vtab
\textcolor{NavyBlue}{\Large Enantiomers}
\end{center}

 \newpage

\vtab[-2cm]
\begin{center}
{\large AsymmetricEnantiomers \tab Número 14}
\end{center}
\begin{multicols}{2}
\begin{center}

Molecule A \\ 
s-2-chlorobutane\_out\_G09
\includegraphics[width=8cm]{../Comparations/ImagesFromVMD/s-2-chlorobutane_out_G09.png}
\\
Inertia Tensor - Molecule A \\
\vtab

\begin{tabular}{|c c c|}
113.621	 & 	8.52396	 & 	0.0868155	 \\
8.52396	 & 	164.235	 & 	-0.885715	 \\
0.0868155	 & 	-0.885715	 & 	257.008
\end{tabular}

\vtab
 EingenVectors - Molecule A     \\
\vtab
\begin{tabular}{|c c c|}
-0.98683	 & 	0.161755	 & 	0.00158125	 \\
-0.161763	 & 	-0.986785	 & 	-0.00941041	 \\
3.81715e-05	 & 	-0.00954226	 & 	0.999954
\end{tabular}

\vtab
 EingenValues - Molecule A     \\
\vtab
\begin{tabular}{|c c c|}
112.224	 & 	165.624	 & 	257.017	 \\
\end{tabular}
\columnbreak

Molecule B \\ 
s-2-chlorobutane\_rotated\_out\_G09
\includegraphics[width=8cm]{../Comparations/ImagesFromVMD/s-2-chlorobutane_rotated_out_G09.png}
\\
Inertia Tensor - Molecule B \\
\vtab

\begin{tabular}{|c c c|}
113.621	 & 	8.52397	 & 	0.0867992	 \\
8.52397	 & 	164.235	 & 	-0.885706	 \\
0.0867992	 & 	-0.885706	 & 	257.008
\end{tabular}

\vtab
 EingenVectors - Molecule B     \\
\vtab
\begin{tabular}{|c c c|}
-0.98683	 & 	0.161756	 & 	0.00158113	 \\
-0.161763	 & 	-0.986785	 & 	-0.00941034	 \\
3.80628e-05	 & 	-0.00954217	 & 	0.999954
\end{tabular}

\vtab
 EingenValues - Molecule B     \\
\vtab
\begin{tabular}{|c c c|}
112.224	 & 	165.624	 & 	257.017	 \\
\end{tabular}

\end{center}
\end{multicols}
\begin{center}
\vtab
\vtab
\textcolor{NavyBlue}{\Large Equal}
\end{center}

 \newpage

\vtab[-2cm]
\begin{center}
{\large AsymmetricEnantiomers \tab Número 15}
\end{center}
\begin{multicols}{2}
\begin{center}

Molecule A \\ 
s-2-chlorobutane\_out\_G09\_inversion
\includegraphics[width=8cm]{../Comparations/ImagesFromVMD/s-2-chlorobutane_out_G09_inversion.png}
\\
Inertia Tensor - Molecule A \\
\vtab

\begin{tabular}{|c c c|}
113.622	 & 	8.52398	 & 	0.0868204	 \\
8.52398	 & 	164.235	 & 	-0.88572	 \\
0.0868204	 & 	-0.88572	 & 	257.009
\end{tabular}

\vtab
 EingenVectors - Molecule A     \\
\vtab
\begin{tabular}{|c c c|}
-0.986829	 & 	0.161757	 & 	0.0015813	 \\
-0.161765	 & 	-0.986785	 & 	-0.00941039	 \\
3.82053e-05	 & 	-0.00954225	 & 	0.999954
\end{tabular}

\vtab
 EingenValues - Molecule A     \\
\vtab
\begin{tabular}{|c c c|}
112.224	 & 	165.624	 & 	257.018	 \\
\end{tabular}
\columnbreak

Molecule B \\ 
s-2-chlorobutane\_rotated\_out\_G09
\includegraphics[width=8cm]{../Comparations/ImagesFromVMD/s-2-chlorobutane_rotated_out_G09.png}
\\
Inertia Tensor - Molecule B \\
\vtab

\begin{tabular}{|c c c|}
113.621	 & 	8.52397	 & 	0.0867992	 \\
8.52397	 & 	164.235	 & 	-0.885706	 \\
0.0867992	 & 	-0.885706	 & 	257.008
\end{tabular}

\vtab
 EingenVectors - Molecule B     \\
\vtab
\begin{tabular}{|c c c|}
-0.98683	 & 	0.161756	 & 	0.00158113	 \\
-0.161763	 & 	-0.986785	 & 	-0.00941034	 \\
3.80628e-05	 & 	-0.00954217	 & 	0.999954
\end{tabular}

\vtab
 EingenValues - Molecule B     \\
\vtab
\begin{tabular}{|c c c|}
112.224	 & 	165.624	 & 	257.017	 \\
\end{tabular}

\end{center}
\end{multicols}
\begin{center}
\vtab
\vtab
\textcolor{NavyBlue}{\Large Enantiomers}
\end{center}

 \newpage

\vtab[-2cm]
\begin{center}
{\large FireTest \tab Número 16}
\end{center}
\begin{multicols}{2}
\begin{center}

Molecule A \\ 
3NFAACa
\includegraphics[width=8cm]{../Comparations/ImagesFromVMD/3NFAACa.png}
\\
Inertia Tensor - Molecule A \\
\vtab

\begin{tabular}{|c c c|}
530.125	 & 	-0.358211	 & 	-0.0456723	 \\
-0.358211	 & 	915.82	 & 	2.40736	 \\
-0.0456723	 & 	2.40736	 & 	1361.13
\end{tabular}

\vtab
 EingenVectors - Molecule A     \\
\vtab
\begin{tabular}{|c c c|}
-1	 & 	-0.000928415	 & 	-5.22706e-05	 \\
0.000928119	 & 	-0.999985	 & 	0.00540587	 \\
-5.72887e-05	 & 	0.00540582	 & 	0.999985
\end{tabular}

\vtab
 EingenValues - Molecule A     \\
\vtab
\begin{tabular}{|c c c|}
530.124	 & 	915.807	 & 	1361.14	 \\
\end{tabular}
\columnbreak

Molecule B \\ 
3NFAACb
\includegraphics[width=8cm]{../Comparations/ImagesFromVMD/3NFAACb.png}
\\
Inertia Tensor - Molecule B \\
\vtab

\begin{tabular}{|c c c|}
530.265	 & 	-1.20883	 & 	-7.84653	 \\
-1.20883	 & 	1361.05	 & 	-3.78865	 \\
-7.84653	 & 	-3.78865	 & 	915.61
\end{tabular}

\vtab
 EingenVectors - Molecule B     \\
\vtab
\begin{tabular}{|c c c|}
-0.999791	 & 	-0.00154731	 & 	-0.0203648	 \\
-0.0203771	 & 	0.00845054	 & 	0.999757	 \\
-0.00137484	 & 	0.999963	 & 	-0.00848031
\end{tabular}

\vtab
 EingenValues - Molecule B     \\
\vtab
\begin{tabular}{|c c c|}
530.103	 & 	915.738	 & 	1361.08	 \\
\end{tabular}

\end{center}
\end{multicols}
\begin{center}
\vtab
\vtab
\textcolor{NavyBlue}{\Large Enantiomers}
\end{center}

 \newpage

\vtab[-2cm]
\begin{center}
{\large FireTest \tab Número 17}
\end{center}
\begin{multicols}{2}
\begin{center}

Molecule A \\ 
3NFAACa
\includegraphics[width=8cm]{../Comparations/ImagesFromVMD/3NFAACa.png}
\\
Inertia Tensor - Molecule A \\
\vtab

\begin{tabular}{|c c c|}
530.125	 & 	-0.358211	 & 	-0.0456723	 \\
-0.358211	 & 	915.82	 & 	2.40736	 \\
-0.0456723	 & 	2.40736	 & 	1361.13
\end{tabular}

\vtab
 EingenVectors - Molecule A     \\
\vtab
\begin{tabular}{|c c c|}
-1	 & 	-0.000928415	 & 	-5.22706e-05	 \\
0.000928119	 & 	-0.999985	 & 	0.00540587	 \\
-5.72887e-05	 & 	0.00540582	 & 	0.999985
\end{tabular}

\vtab
 EingenValues - Molecule A     \\
\vtab
\begin{tabular}{|c c c|}
530.124	 & 	915.807	 & 	1361.14	 \\
\end{tabular}
\columnbreak

Molecule B \\ 
3NFAACc
\includegraphics[width=8cm]{../Comparations/ImagesFromVMD/3NFAACc.png}
\\
Inertia Tensor - Molecule B \\
\vtab

\begin{tabular}{|c c c|}
531.482	 & 	-5.48557	 & 	-0.978638	 \\
-5.48557	 & 	913.233	 & 	2.89201	 \\
-0.978638	 & 	2.89201	 & 	1353.14
\end{tabular}

\vtab
 EingenVectors - Molecule B     \\
\vtab
\begin{tabular}{|c c c|}
-0.999896	 & 	-0.0143563	 & 	-0.00114029	 \\
0.0143485	 & 	-0.999875	 & 	0.00660611	 \\
-0.00123498	 & 	0.00658906	 & 	0.999978
\end{tabular}

\vtab
 EingenValues - Molecule B     \\
\vtab
\begin{tabular}{|c c c|}
531.402	 & 	913.293	 & 	1353.16	 \\
\end{tabular}

\end{center}
\end{multicols}
\begin{center}
\vtab
\vtab
\textcolor{NavyBlue}{\Large Different}
\end{center}

 \newpage

\vtab[-2cm]
\begin{center}
{\large FireTest \tab Número 18}
\end{center}
\begin{multicols}{2}
\begin{center}

Molecule A \\ 
3NFAACa
\includegraphics[width=8cm]{../Comparations/ImagesFromVMD/3NFAACa.png}
\\
Inertia Tensor - Molecule A \\
\vtab

\begin{tabular}{|c c c|}
530.125	 & 	-0.358211	 & 	-0.0456723	 \\
-0.358211	 & 	915.82	 & 	2.40736	 \\
-0.0456723	 & 	2.40736	 & 	1361.13
\end{tabular}

\vtab
 EingenVectors - Molecule A     \\
\vtab
\begin{tabular}{|c c c|}
-1	 & 	-0.000928415	 & 	-5.22706e-05	 \\
0.000928119	 & 	-0.999985	 & 	0.00540587	 \\
-5.72887e-05	 & 	0.00540582	 & 	0.999985
\end{tabular}

\vtab
 EingenValues - Molecule A     \\
\vtab
\begin{tabular}{|c c c|}
530.124	 & 	915.807	 & 	1361.14	 \\
\end{tabular}
\columnbreak

Molecule B \\ 
3NFAACd
\includegraphics[width=8cm]{../Comparations/ImagesFromVMD/3NFAACd.png}
\\
Inertia Tensor - Molecule B \\
\vtab

\begin{tabular}{|c c c|}
524.186	 & 	-1.32648	 & 	-2.36411	 \\
-1.32648	 & 	935.358	 & 	-2.91274	 \\
-2.36411	 & 	-2.91274	 & 	1359.16
\end{tabular}

\vtab
 EingenVectors - Molecule B     \\
\vtab
\begin{tabular}{|c c c|}
-0.999991	 & 	-0.00324612	 & 	-0.00284261	 \\
0.00326554	 & 	-0.999971	 & 	-0.0068542	 \\
-0.00282028	 & 	-0.00686342	 & 	0.999972
\end{tabular}

\vtab
 EingenValues - Molecule B     \\
\vtab
\begin{tabular}{|c c c|}
524.175	 & 	935.342	 & 	1359.19	 \\
\end{tabular}

\end{center}
\end{multicols}
\begin{center}
\vtab
\vtab
\textcolor{NavyBlue}{\Large Different}
\end{center}

 \newpage

\vtab[-2cm]
\begin{center}
{\large FireTest \tab Número 19}
\end{center}
\begin{multicols}{2}
\begin{center}

Molecule A \\ 
3NFAACa
\includegraphics[width=8cm]{../Comparations/ImagesFromVMD/3NFAACa.png}
\\
Inertia Tensor - Molecule A \\
\vtab

\begin{tabular}{|c c c|}
530.125	 & 	-0.358211	 & 	-0.0456723	 \\
-0.358211	 & 	915.82	 & 	2.40736	 \\
-0.0456723	 & 	2.40736	 & 	1361.13
\end{tabular}

\vtab
 EingenVectors - Molecule A     \\
\vtab
\begin{tabular}{|c c c|}
-1	 & 	-0.000928415	 & 	-5.22706e-05	 \\
0.000928119	 & 	-0.999985	 & 	0.00540587	 \\
-5.72887e-05	 & 	0.00540582	 & 	0.999985
\end{tabular}

\vtab
 EingenValues - Molecule A     \\
\vtab
\begin{tabular}{|c c c|}
530.124	 & 	915.807	 & 	1361.14	 \\
\end{tabular}
\columnbreak

Molecule B \\ 
3NFAACe
\includegraphics[width=8cm]{../Comparations/ImagesFromVMD/3NFAACe.png}
\\
Inertia Tensor - Molecule B \\
\vtab

\begin{tabular}{|c c c|}
524.508	 & 	15.8785	 & 	-4.02001	 \\
15.8785	 & 	1358.65	 & 	10.8723	 \\
-4.02001	 & 	10.8723	 & 	935.54
\end{tabular}

\vtab
 EingenVectors - Molecule B     \\
\vtab
\begin{tabular}{|c c c|}
-0.999764	 & 	0.0191573	 & 	-0.0102761	 \\
0.0107588	 & 	0.025269	 & 	-0.999623	 \\
0.0188904	 & 	0.999497	 & 	0.0254692
\end{tabular}

\vtab
 EingenValues - Molecule B     \\
\vtab
\begin{tabular}{|c c c|}
524.162	 & 	935.308	 & 	1359.22	 \\
\end{tabular}

\end{center}
\end{multicols}
\begin{center}
\vtab
\vtab
\textcolor{NavyBlue}{\Large Different}
\end{center}

 \newpage

\vtab[-2cm]
\begin{center}
{\large FireTest \tab Número 20}
\end{center}
\begin{multicols}{2}
\begin{center}

Molecule A \\ 
3NFAACa
\includegraphics[width=8cm]{../Comparations/ImagesFromVMD/3NFAACa.png}
\\
Inertia Tensor - Molecule A \\
\vtab

\begin{tabular}{|c c c|}
530.125	 & 	-0.358211	 & 	-0.0456723	 \\
-0.358211	 & 	915.82	 & 	2.40736	 \\
-0.0456723	 & 	2.40736	 & 	1361.13
\end{tabular}

\vtab
 EingenVectors - Molecule A     \\
\vtab
\begin{tabular}{|c c c|}
-1	 & 	-0.000928415	 & 	-5.22706e-05	 \\
0.000928119	 & 	-0.999985	 & 	0.00540587	 \\
-5.72887e-05	 & 	0.00540582	 & 	0.999985
\end{tabular}

\vtab
 EingenValues - Molecule A     \\
\vtab
\begin{tabular}{|c c c|}
530.124	 & 	915.807	 & 	1361.14	 \\
\end{tabular}
\columnbreak

Molecule B \\ 
3NFAACf
\includegraphics[width=8cm]{../Comparations/ImagesFromVMD/3NFAACf.png}
\\
Inertia Tensor - Molecule B \\
\vtab

\begin{tabular}{|c c c|}
530.208	 & 	-1.63273	 & 	-7.84857	 \\
-1.63273	 & 	1360.76	 & 	-3.6411	 \\
-7.84857	 & 	-3.6411	 & 	915.396
\end{tabular}

\vtab
 EingenVectors - Molecule B     \\
\vtab
\begin{tabular}{|c c c|}
-0.99979	 & 	-0.00205437	 & 	-0.0203824	 \\
-0.0203985	 & 	0.00810116	 & 	0.999759	 \\
-0.00188875	 & 	0.999965	 & 	-0.00814137
\end{tabular}

\vtab
 EingenValues - Molecule B     \\
\vtab
\begin{tabular}{|c c c|}
530.045	 & 	915.527	 & 	1360.79	 \\
\end{tabular}

\end{center}
\end{multicols}
\begin{center}
\vtab
\vtab
\textcolor{NavyBlue}{\Large Enantiomers}
\end{center}

 \newpage

\vtab[-2cm]
\begin{center}
{\large FireTest \tab Número 21}
\end{center}
\begin{multicols}{2}
\begin{center}

Molecule A \\ 
3NFAACa
\includegraphics[width=8cm]{../Comparations/ImagesFromVMD/3NFAACa.png}
\\
Inertia Tensor - Molecule A \\
\vtab

\begin{tabular}{|c c c|}
530.125	 & 	-0.358211	 & 	-0.0456723	 \\
-0.358211	 & 	915.82	 & 	2.40736	 \\
-0.0456723	 & 	2.40736	 & 	1361.13
\end{tabular}

\vtab
 EingenVectors - Molecule A     \\
\vtab
\begin{tabular}{|c c c|}
-1	 & 	-0.000928415	 & 	-5.22706e-05	 \\
0.000928119	 & 	-0.999985	 & 	0.00540587	 \\
-5.72887e-05	 & 	0.00540582	 & 	0.999985
\end{tabular}

\vtab
 EingenValues - Molecule A     \\
\vtab
\begin{tabular}{|c c c|}
530.124	 & 	915.807	 & 	1361.14	 \\
\end{tabular}
\columnbreak

Molecule B \\ 
3NFAACg
\includegraphics[width=8cm]{../Comparations/ImagesFromVMD/3NFAACg.png}
\\
Inertia Tensor - Molecule B \\
\vtab

\begin{tabular}{|c c c|}
532.891	 & 	-0.526938	 & 	-0.504713	 \\
-0.526938	 & 	918.454	 & 	2.35809	 \\
-0.504713	 & 	2.35809	 & 	1356.91
\end{tabular}

\vtab
 EingenVectors - Molecule B     \\
\vtab
\begin{tabular}{|c c c|}
-0.999999	 & 	-0.00136295	 & 	-0.000608598	 \\
0.00135965	 & 	-0.999985	 & 	0.00537946	 \\
-0.000615921	 & 	0.00537863	 & 	0.999985
\end{tabular}

\vtab
 EingenValues - Molecule B     \\
\vtab
\begin{tabular}{|c c c|}
532.89	 & 	918.442	 & 	1356.93	 \\
\end{tabular}

\end{center}
\end{multicols}
\begin{center}
\vtab
\vtab
\textcolor{NavyBlue}{\Large Different}
\end{center}

 \newpage

\vtab[-2cm]
\begin{center}
{\large FireTest \tab Número 22}
\end{center}
\begin{multicols}{2}
\begin{center}

Molecule A \\ 
3NFAACa
\includegraphics[width=8cm]{../Comparations/ImagesFromVMD/3NFAACa.png}
\\
Inertia Tensor - Molecule A \\
\vtab

\begin{tabular}{|c c c|}
530.125	 & 	-0.358211	 & 	-0.0456723	 \\
-0.358211	 & 	915.82	 & 	2.40736	 \\
-0.0456723	 & 	2.40736	 & 	1361.13
\end{tabular}

\vtab
 EingenVectors - Molecule A     \\
\vtab
\begin{tabular}{|c c c|}
-1	 & 	-0.000928415	 & 	-5.22706e-05	 \\
0.000928119	 & 	-0.999985	 & 	0.00540587	 \\
-5.72887e-05	 & 	0.00540582	 & 	0.999985
\end{tabular}

\vtab
 EingenValues - Molecule A     \\
\vtab
\begin{tabular}{|c c c|}
530.124	 & 	915.807	 & 	1361.14	 \\
\end{tabular}
\columnbreak

Molecule B \\ 
3NFAACh
\includegraphics[width=8cm]{../Comparations/ImagesFromVMD/3NFAACh.png}
\\
Inertia Tensor - Molecule B \\
\vtab

\begin{tabular}{|c c c|}
528.718	 & 	-3.89066	 & 	-3.66882	 \\
-3.89066	 & 	924.911	 & 	2.93817	 \\
-3.66882	 & 	2.93817	 & 	1336.08
\end{tabular}

\vtab
 EingenVectors - Molecule B     \\
\vtab
\begin{tabular}{|c c c|}
0.999942	 & 	0.00978475	 & 	0.00450803	 \\
0.00975199	 & 	-0.999926	 & 	0.00723269	 \\
-0.00457847	 & 	0.0071883	 & 	0.999964
\end{tabular}

\vtab
 EingenValues - Molecule B     \\
\vtab
\begin{tabular}{|c c c|}
528.663	 & 	924.928	 & 	1336.12	 \\
\end{tabular}

\end{center}
\end{multicols}
\begin{center}
\vtab
\vtab
\textcolor{NavyBlue}{\Large Different}
\end{center}

 \newpage

\vtab[-2cm]
\begin{center}
{\large FireTest \tab Número 23}
\end{center}
\begin{multicols}{2}
\begin{center}

Molecule A \\ 
3NFAACa
\includegraphics[width=8cm]{../Comparations/ImagesFromVMD/3NFAACa.png}
\\
Inertia Tensor - Molecule A \\
\vtab

\begin{tabular}{|c c c|}
530.125	 & 	-0.358211	 & 	-0.0456723	 \\
-0.358211	 & 	915.82	 & 	2.40736	 \\
-0.0456723	 & 	2.40736	 & 	1361.13
\end{tabular}

\vtab
 EingenVectors - Molecule A     \\
\vtab
\begin{tabular}{|c c c|}
-1	 & 	-0.000928415	 & 	-5.22706e-05	 \\
0.000928119	 & 	-0.999985	 & 	0.00540587	 \\
-5.72887e-05	 & 	0.00540582	 & 	0.999985
\end{tabular}

\vtab
 EingenValues - Molecule A     \\
\vtab
\begin{tabular}{|c c c|}
530.124	 & 	915.807	 & 	1361.14	 \\
\end{tabular}
\columnbreak

Molecule B \\ 
3NFAACi
\includegraphics[width=8cm]{../Comparations/ImagesFromVMD/3NFAACi.png}
\\
Inertia Tensor - Molecule B \\
\vtab

\begin{tabular}{|c c c|}
521.487	 & 	-1.22943	 & 	-2.71042	 \\
-1.22943	 & 	949.663	 & 	1.67006	 \\
-2.71042	 & 	1.67006	 & 	1346.16
\end{tabular}

\vtab
 EingenVectors - Molecule B     \\
\vtab
\begin{tabular}{|c c c|}
0.999991	 & 	0.00285841	 & 	0.00328077	 \\
0.00284452	 & 	-0.999987	 & 	0.00423133	 \\
-0.00329282	 & 	0.00422196	 & 	0.999986
\end{tabular}

\vtab
 EingenValues - Molecule B     \\
\vtab
\begin{tabular}{|c c c|}
521.475	 & 	949.659	 & 	1346.18	 \\
\end{tabular}

\end{center}
\end{multicols}
\begin{center}
\vtab
\vtab
\textcolor{NavyBlue}{\Large Different}
\end{center}

 \newpage

\vtab[-2cm]
\begin{center}
{\large FireTest \tab Número 24}
\end{center}
\begin{multicols}{2}
\begin{center}

Molecule A \\ 
3NFAACa
\includegraphics[width=8cm]{../Comparations/ImagesFromVMD/3NFAACa.png}
\\
Inertia Tensor - Molecule A \\
\vtab

\begin{tabular}{|c c c|}
530.125	 & 	-0.358211	 & 	-0.0456723	 \\
-0.358211	 & 	915.82	 & 	2.40736	 \\
-0.0456723	 & 	2.40736	 & 	1361.13
\end{tabular}

\vtab
 EingenVectors - Molecule A     \\
\vtab
\begin{tabular}{|c c c|}
-1	 & 	-0.000928415	 & 	-5.22706e-05	 \\
0.000928119	 & 	-0.999985	 & 	0.00540587	 \\
-5.72887e-05	 & 	0.00540582	 & 	0.999985
\end{tabular}

\vtab
 EingenValues - Molecule A     \\
\vtab
\begin{tabular}{|c c c|}
530.124	 & 	915.807	 & 	1361.14	 \\
\end{tabular}
\columnbreak

Molecule B \\ 
3NFAACj
\includegraphics[width=8cm]{../Comparations/ImagesFromVMD/3NFAACj.png}
\\
Inertia Tensor - Molecule B \\
\vtab

\begin{tabular}{|c c c|}
533.789	 & 	-4.75521	 & 	-1.91525	 \\
-4.75521	 & 	920.091	 & 	2.28449	 \\
-1.91525	 & 	2.28449	 & 	1348.28
\end{tabular}

\vtab
 EingenVectors - Molecule B     \\
\vtab
\begin{tabular}{|c c c|}
-0.999922	 & 	-0.0122929	 & 	-0.00231663	 \\
0.0122803	 & 	-0.99991	 & 	0.00539026	 \\
-0.00238268	 & 	0.00536139	 & 	0.999983
\end{tabular}

\vtab
 EingenValues - Molecule B     \\
\vtab
\begin{tabular}{|c c c|}
533.726	 & 	920.137	 & 	1348.3	 \\
\end{tabular}

\end{center}
\end{multicols}
\begin{center}
\vtab
\vtab
\textcolor{NavyBlue}{\Large Different}
\end{center}

 \newpage

\vtab[-2cm]
\begin{center}
{\large FireTest \tab Número 25}
\end{center}
\begin{multicols}{2}
\begin{center}

Molecule A \\ 
3NFAACa
\includegraphics[width=8cm]{../Comparations/ImagesFromVMD/3NFAACa.png}
\\
Inertia Tensor - Molecule A \\
\vtab

\begin{tabular}{|c c c|}
530.125	 & 	-0.358211	 & 	-0.0456723	 \\
-0.358211	 & 	915.82	 & 	2.40736	 \\
-0.0456723	 & 	2.40736	 & 	1361.13
\end{tabular}

\vtab
 EingenVectors - Molecule A     \\
\vtab
\begin{tabular}{|c c c|}
-1	 & 	-0.000928415	 & 	-5.22706e-05	 \\
0.000928119	 & 	-0.999985	 & 	0.00540587	 \\
-5.72887e-05	 & 	0.00540582	 & 	0.999985
\end{tabular}

\vtab
 EingenValues - Molecule A     \\
\vtab
\begin{tabular}{|c c c|}
530.124	 & 	915.807	 & 	1361.14	 \\
\end{tabular}
\columnbreak

Molecule B \\ 
3NFAACk
\includegraphics[width=8cm]{../Comparations/ImagesFromVMD/3NFAACk.png}
\\
Inertia Tensor - Molecule B \\
\vtab

\begin{tabular}{|c c c|}
534.899	 & 	-5.81418	 & 	-0.270063	 \\
-5.81418	 & 	913.263	 & 	2.4519	 \\
-0.270063	 & 	2.4519	 & 	1353.77
\end{tabular}

\vtab
 EingenVectors - Molecule B     \\
\vtab
\begin{tabular}{|c c c|}
-0.999882	 & 	-0.0153593	 & 	-0.00028374	 \\
0.0153575	 & 	-0.999867	 & 	0.00557573	 \\
-0.000369342	 & 	0.00557072	 & 	0.999984
\end{tabular}

\vtab
 EingenValues - Molecule B     \\
\vtab
\begin{tabular}{|c c c|}
534.81	 & 	913.339	 & 	1353.78	 \\
\end{tabular}

\end{center}
\end{multicols}
\begin{center}
\vtab
\vtab
\textcolor{NavyBlue}{\Large Different}
\end{center}

 \newpage

\vtab[-2cm]
\begin{center}
{\large FireTest \tab Número 26}
\end{center}
\begin{multicols}{2}
\begin{center}

Molecule A \\ 
3NFAACa
\includegraphics[width=8cm]{../Comparations/ImagesFromVMD/3NFAACa.png}
\\
Inertia Tensor - Molecule A \\
\vtab

\begin{tabular}{|c c c|}
530.125	 & 	-0.358211	 & 	-0.0456723	 \\
-0.358211	 & 	915.82	 & 	2.40736	 \\
-0.0456723	 & 	2.40736	 & 	1361.13
\end{tabular}

\vtab
 EingenVectors - Molecule A     \\
\vtab
\begin{tabular}{|c c c|}
-1	 & 	-0.000928415	 & 	-5.22706e-05	 \\
0.000928119	 & 	-0.999985	 & 	0.00540587	 \\
-5.72887e-05	 & 	0.00540582	 & 	0.999985
\end{tabular}

\vtab
 EingenValues - Molecule A     \\
\vtab
\begin{tabular}{|c c c|}
530.124	 & 	915.807	 & 	1361.14	 \\
\end{tabular}
\columnbreak

Molecule B \\ 
3NFAACl
\includegraphics[width=8cm]{../Comparations/ImagesFromVMD/3NFAACl.png}
\\
Inertia Tensor - Molecule B \\
\vtab

\begin{tabular}{|c c c|}
531.723	 & 	3.03424	 & 	2.73426	 \\
3.03424	 & 	929.418	 & 	-1.84284	 \\
2.73426	 & 	-1.84284	 & 	1355.39
\end{tabular}

\vtab
 EingenVectors - Molecule B     \\
